------------------
Step 1 - 3 @ R1C5
------------------
9 0 7 5 3 1 8 2 0
0 3 5 0 2 0 0 1 0
0 1 8 0 0 6 0 0 3
0 0 0 0 0 0 2 0 9
0 9 0 6 5 2 0 0 1
1 0 2 0 4 9 5 0 0
3 8 6 4 0 0 0 0 0
7 5 0 2 1 0 6 0 0
4 0 0 0 0 0 0 8 0
------------------
Step 2 - 6 @ R2C1
------------------
9 0 7 5 3 1 8 2 0
6 3 5 0 2 0 0 1 0
0 1 8 0 0 6 0 0 3
0 0 0 0 0 0 2 0 9
0 9 0 6 5 2 0 0 1
1 0 2 0 4 9 5 0 0
3 8 6 4 0 0 0 0 0
7 5 0 2 1 0 6 0 0
4 0 0 0 0 0 0 8 0
------------------
Step 3 - 4 @ R1C2
------------------
9 4 7 5 3 1 8 2 0
6 3 5 0 2 0 0 1 0
0 1 8 0 0 6 0 0 3
0 0 0 0 0 0 2 0 9
0 9 0 6 5 2 0 0 1
1 0 2 0 4 9 5 0 0
3 8 6 4 0 0 0 0 0
7 5 0 2 1 0 6 0 0
4 0 0 0 0 0 0 8 0
------------------
Step 4 - 6 @ R1C9
------------------
9 4 7 5 3 1 8 2 6
6 3 5 0 2 0 0 1 0
0 1 8 0 0 6 0 0 3
0 0 0 0 0 0 2 0 9
0 9 0 6 5 2 0 0 1
1 0 2 0 4 9 5 0 0
3 8 6 4 0 0 0 0 0
7 5 0 2 1 0 6 0 0
4 0 0 0 0 0 0 8 0
------------------
Step 5 - 2 @ R3C1
------------------
9 4 7 5 3 1 8 2 6
6 3 5 0 2 0 0 1 0
2 1 8 0 0 6 0 0 3
0 0 0 0 0 0 2 0 9
0 9 0 6 5 2 0 0 1
1 0 2 0 4 9 5 0 0
3 8 6 4 0 0 0 0 0
7 5 0 2 1 0 6 0 0
4 0 0 0 0 0 0 8 0
------------------
Step 6 - 8 @ R5C1
------------------
9 4 7 5 3 1 8 2 6
6 3 5 0 2 0 0 1 0
2 1 8 0 0 6 0 0 3
0 0 0 0 0 0 2 0 9
8 9 0 6 5 2 0 0 1
1 0 2 0 4 9 5 0 0
3 8 6 4 0 0 0 0 0
7 5 0 2 1 0 6 0 0
4 0 0 0 0 0 0 8 0
------------------
Step 7 - 5 @ R4C1
------------------
9 4 7 5 3 1 8 2 6
6 3 5 0 2 0 0 1 0
2 1 8 0 0 6 0 0 3
5 0 0 0 0 0 2 0 9
8 9 0 6 5 2 0 0 1
1 0 2 0 4 9 5 0 0
3 8 6 4 0 0 0 0 0
7 5 0 2 1 0 6 0 0
4 0 0 0 0 0 0 8 0
------------------
Step 8 - 9 @ R8C3
------------------
9 4 7 5 3 1 8 2 6
6 3 5 0 2 0 0 1 0
2 1 8 0 0 6 0 0 3
5 0 0 0 0 0 2 0 9
8 9 0 6 5 2 0 0 1
1 0 2 0 4 9 5 0 0
3 8 6 4 0 0 0 0 0
7 5 9 2 1 0 6 0 0
4 0 0 0 0 0 0 8 0
------------------
Step 9 - 4 @ R8C9
------------------
9 4 7 5 3 1 8 2 6
6 3 5 0 2 0 0 1 0
2 1 8 0 0 6 0 0 3
5 0 0 0 0 0 2 0 9
8 9 0 6 5 2 0 0 1
1 0 2 0 4 9 5 0 0
3 8 6 4 0 0 0 0 0
7 5 9 2 1 0 6 0 4
4 0 0 0 0 0 0 8 0
------------------
Step 10 - 7 @ R2C9
------------------
9 4 7 5 3 1 8 2 6
6 3 5 0 2 0 0 1 7
2 1 8 0 0 6 0 0 3
5 0 0 0 0 0 2 0 9
8 9 0 6 5 2 0 0 1
1 0 2 0 4 9 5 0 0
3 8 6 4 0 0 0 0 0
7 5 9 2 1 0 6 0 4
4 0 0 0 0 0 0 8 0
------------------
Step 11 - 8 @ R6C9
------------------
9 4 7 5 3 1 8 2 6
6 3 5 0 2 0 0 1 7
2 1 8 0 0 6 0 0 3
5 0 0 0 0 0 2 0 9
8 9 0 6 5 2 0 0 1
1 0 2 0 4 9 5 0 8
3 8 6 4 0 0 0 0 0
7 5 9 2 1 0 6 0 4
4 0 0 0 0 0 0 8 0
------------------
Step 12 - 3 @ R8C8
------------------
9 4 7 5 3 1 8 2 6
6 3 5 0 2 0 0 1 7
2 1 8 0 0 6 0 0 3
5 0 0 0 0 0 2 0 9
8 9 0 6 5 2 0 0 1
1 0 2 0 4 9 5 0 8
3 8 6 4 0 0 0 0 0
7 5 9 2 1 0 6 3 4
4 0 0 0 0 0 0 8 0
------------------
Step 13 - 8 @ R8C6
------------------
9 4 7 5 3 1 8 2 6
6 3 5 0 2 0 0 1 7
2 1 8 0 0 6 0 0 3
5 0 0 0 0 0 2 0 9
8 9 0 6 5 2 0 0 1
1 0 2 0 4 9 5 0 8
3 8 6 4 0 0 0 0 0
7 5 9 2 1 8 6 3 4
4 0 0 0 0 0 0 8 0
------------------
Step 14 - 4 @ R2C6
------------------
9 4 7 5 3 1 8 2 6
6 3 5 0 2 4 0 1 7
2 1 8 0 0 6 0 0 3
5 0 0 0 0 0 2 0 9
8 9 0 6 5 2 0 0 1
1 0 2 0 4 9 5 0 8
3 8 6 4 0 0 0 0 0
7 5 9 2 1 8 6 3 4
4 0 0 0 0 0 0 8 0
------------------
Step 15 - 9 @ R2C7
------------------
9 4 7 5 3 1 8 2 6
6 3 5 0 2 4 9 1 7
2 1 8 0 0 6 0 0 3
5 0 0 0 0 0 2 0 9
8 9 0 6 5 2 0 0 1
1 0 2 0 4 9 5 0 8
3 8 6 4 0 0 0 0 0
7 5 9 2 1 8 6 3 4
4 0 0 0 0 0 0 8 0
------------------
Step 16 - 8 @ R2C4
------------------
9 4 7 5 3 1 8 2 6
6 3 5 8 2 4 9 1 7
2 1 8 0 0 6 0 0 3
5 0 0 0 0 0 2 0 9
8 9 0 6 5 2 0 0 1
1 0 2 0 4 9 5 0 8
3 8 6 4 0 0 0 0 0
7 5 9 2 1 8 6 3 4
4 0 0 0 0 0 0 8 0
------------------
Step 17 - 4 @ R3C7
------------------
9 4 7 5 3 1 8 2 6
6 3 5 8 2 4 9 1 7
2 1 8 0 0 6 4 0 3
5 0 0 0 0 0 2 0 9
8 9 0 6 5 2 0 0 1
1 0 2 0 4 9 5 0 8
3 8 6 4 0 0 0 0 0
7 5 9 2 1 8 6 3 4
4 0 0 0 0 0 0 8 0
------------------
Step 18 - 5 @ R3C8
------------------
9 4 7 5 3 1 8 2 6
6 3 5 8 2 4 9 1 7
2 1 8 0 0 6 4 5 3
5 0 0 0 0 0 2 0 9
8 9 0 6 5 2 0 0 1
1 0 2 0 4 9 5 0 8
3 8 6 4 0 0 0 0 0
7 5 9 2 1 8 6 3 4
4 0 0 0 0 0 0 8 0
------------------
Step 19 - 2 @ R9C2
------------------
9 4 7 5 3 1 8 2 6
6 3 5 8 2 4 9 1 7
2 1 8 0 0 6 4 5 3
5 0 0 0 0 0 2 0 9
8 9 0 6 5 2 0 0 1
1 0 2 0 4 9 5 0 8
3 8 6 4 0 0 0 0 0
7 5 9 2 1 8 6 3 4
4 2 0 0 0 0 0 8 0
------------------
Step 20 - 1 @ R9C3
------------------
9 4 7 5 3 1 8 2 6
6 3 5 8 2 4 9 1 7
2 1 8 0 0 6 4 5 3
5 0 0 0 0 0 2 0 9
8 9 0 6 5 2 0 0 1
1 0 2 0 4 9 5 0 8
3 8 6 4 0 0 0 0 0
7 5 9 2 1 8 6 3 4
4 2 1 0 0 0 0 8 0
------------------
Step 21 - 7 @ R9C7
------------------
9 4 7 5 3 1 8 2 6
6 3 5 8 2 4 9 1 7
2 1 8 0 0 6 4 5 3
5 0 0 0 0 0 2 0 9
8 9 0 6 5 2 0 0 1
1 0 2 0 4 9 5 0 8
3 8 6 4 0 0 0 0 0
7 5 9 2 1 8 6 3 4
4 2 1 0 0 0 7 8 0
------------------
Step 22 - 3 @ R5C7
------------------
9 4 7 5 3 1 8 2 6
6 3 5 8 2 4 9 1 7
2 1 8 0 0 6 4 5 3
5 0 0 0 0 0 2 0 9
8 9 0 6 5 2 3 0 1
1 0 2 0 4 9 5 0 8
3 8 6 4 0 0 0 0 0
7 5 9 2 1 8 6 3 4
4 2 1 0 0 0 7 8 0
------------------
Step 23 - 4 @ R5C3
------------------
9 4 7 5 3 1 8 2 6
6 3 5 8 2 4 9 1 7
2 1 8 0 0 6 4 5 3
5 0 0 0 0 0 2 0 9
8 9 4 6 5 2 3 0 1
1 0 2 0 4 9 5 0 8
3 8 6 4 0 0 0 0 0
7 5 9 2 1 8 6 3 4
4 2 1 0 0 0 7 8 0
------------------
Step 24 - 3 @ R4C3
------------------
9 4 7 5 3 1 8 2 6
6 3 5 8 2 4 9 1 7
2 1 8 0 0 6 4 5 3
5 0 3 0 0 0 2 0 9
8 9 4 6 5 2 3 0 1
1 0 2 0 4 9 5 0 8
3 8 6 4 0 0 0 0 0
7 5 9 2 1 8 6 3 4
4 2 1 0 0 0 7 8 0
------------------
Step 25 - 7 @ R4C6
------------------
9 4 7 5 3 1 8 2 6
6 3 5 8 2 4 9 1 7
2 1 8 0 0 6 4 5 3
5 0 3 0 0 7 2 0 9
8 9 4 6 5 2 3 0 1
1 0 2 0 4 9 5 0 8
3 8 6 4 0 0 0 0 0
7 5 9 2 1 8 6 3 4
4 2 1 0 0 0 7 8 0
------------------
Step 26 - 6 @ R4C2
------------------
9 4 7 5 3 1 8 2 6
6 3 5 8 2 4 9 1 7
2 1 8 0 0 6 4 5 3
5 6 3 0 0 7 2 0 9
8 9 4 6 5 2 3 0 1
1 0 2 0 4 9 5 0 8
3 8 6 4 0 0 0 0 0
7 5 9 2 1 8 6 3 4
4 2 1 0 0 0 7 8 0
------------------
Step 27 - 1 @ R4C4
------------------
9 4 7 5 3 1 8 2 6
6 3 5 8 2 4 9 1 7
2 1 8 0 0 6 4 5 3
5 6 3 1 0 7 2 0 9
8 9 4 6 5 2 3 0 1
1 0 2 0 4 9 5 0 8
3 8 6 4 0 0 0 0 0
7 5 9 2 1 8 6 3 4
4 2 1 0 0 0 7 8 0
------------------
Step 28 - 8 @ R4C5
------------------
9 4 7 5 3 1 8 2 6
6 3 5 8 2 4 9 1 7
2 1 8 0 0 6 4 5 3
5 6 3 1 8 7 2 0 9
8 9 4 6 5 2 3 0 1
1 0 2 0 4 9 5 0 8
3 8 6 4 0 0 0 0 0
7 5 9 2 1 8 6 3 4
4 2 1 0 0 0 7 8 0
------------------
Step 29 - 4 @ R4C8
------------------
9 4 7 5 3 1 8 2 6
6 3 5 8 2 4 9 1 7
2 1 8 0 0 6 4 5 3
5 6 3 1 8 7 2 4 9
8 9 4 6 5 2 3 0 1
1 0 2 0 4 9 5 0 8
3 8 6 4 0 0 0 0 0
7 5 9 2 1 8 6 3 4
4 2 1 0 0 0 7 8 0
------------------
Step 30 - 7 @ R5C8
------------------
9 4 7 5 3 1 8 2 6
6 3 5 8 2 4 9 1 7
2 1 8 0 0 6 4 5 3
5 6 3 1 8 7 2 4 9
8 9 4 6 5 2 3 7 1
1 0 2 0 4 9 5 0 8
3 8 6 4 0 0 0 0 0
7 5 9 2 1 8 6 3 4
4 2 1 0 0 0 7 8 0
------------------
Step 31 - 7 @ R6C2
------------------
9 4 7 5 3 1 8 2 6
6 3 5 8 2 4 9 1 7
2 1 8 0 0 6 4 5 3
5 6 3 1 8 7 2 4 9
8 9 4 6 5 2 3 7 1
1 7 2 0 4 9 5 0 8
3 8 6 4 0 0 0 0 0
7 5 9 2 1 8 6 3 4
4 2 1 0 0 0 7 8 0
------------------
Step 32 - 3 @ R6C4
------------------
9 4 7 5 3 1 8 2 6
6 3 5 8 2 4 9 1 7
2 1 8 0 0 6 4 5 3
5 6 3 1 8 7 2 4 9
8 9 4 6 5 2 3 7 1
1 7 2 3 4 9 5 0 8
3 8 6 4 0 0 0 0 0
7 5 9 2 1 8 6 3 4
4 2 1 0 0 0 7 8 0
------------------
Step 33 - 6 @ R6C8
------------------
9 4 7 5 3 1 8 2 6
6 3 5 8 2 4 9 1 7
2 1 8 0 0 6 4 5 3
5 6 3 1 8 7 2 4 9
8 9 4 6 5 2 3 7 1
1 7 2 3 4 9 5 6 8
3 8 6 4 0 0 0 0 0
7 5 9 2 1 8 6 3 4
4 2 1 0 0 0 7 8 0
------------------
Step 34 - 5 @ R7C6
------------------
9 4 7 5 3 1 8 2 6
6 3 5 8 2 4 9 1 7
2 1 8 0 0 6 4 5 3
5 6 3 1 8 7 2 4 9
8 9 4 6 5 2 3 7 1
1 7 2 3 4 9 5 6 8
3 8 6 4 0 5 0 0 0
7 5 9 2 1 8 6 3 4
4 2 1 0 0 0 7 8 0
------------------
Step 35 - 1 @ R7C7
------------------
9 4 7 5 3 1 8 2 6
6 3 5 8 2 4 9 1 7
2 1 8 0 0 6 4 5 3
5 6 3 1 8 7 2 4 9
8 9 4 6 5 2 3 7 1
1 7 2 3 4 9 5 6 8
3 8 6 4 0 5 1 0 0
7 5 9 2 1 8 6 3 4
4 2 1 0 0 0 7 8 0
------------------
Step 36 - 9 @ R7C8
------------------
9 4 7 5 3 1 8 2 6
6 3 5 8 2 4 9 1 7
2 1 8 0 0 6 4 5 3
5 6 3 1 8 7 2 4 9
8 9 4 6 5 2 3 7 1
1 7 2 3 4 9 5 6 8
3 8 6 4 0 5 1 9 0
7 5 9 2 1 8 6 3 4
4 2 1 0 0 0 7 8 0
------------------
Step 37 - 7 @ R7C5
------------------
9 4 7 5 3 1 8 2 6
6 3 5 8 2 4 9 1 7
2 1 8 0 0 6 4 5 3
5 6 3 1 8 7 2 4 9
8 9 4 6 5 2 3 7 1
1 7 2 3 4 9 5 6 8
3 8 6 4 7 5 1 9 0
7 5 9 2 1 8 6 3 4
4 2 1 0 0 0 7 8 0
------------------
Step 38 - 9 @ R3C5
------------------
9 4 7 5 3 1 8 2 6
6 3 5 8 2 4 9 1 7
2 1 8 0 9 6 4 5 3
5 6 3 1 8 7 2 4 9
8 9 4 6 5 2 3 7 1
1 7 2 3 4 9 5 6 8
3 8 6 4 7 5 1 9 0
7 5 9 2 1 8 6 3 4
4 2 1 0 0 0 7 8 0
------------------
Step 39 - 7 @ R3C4
------------------
9 4 7 5 3 1 8 2 6
6 3 5 8 2 4 9 1 7
2 1 8 7 9 6 4 5 3
5 6 3 1 8 7 2 4 9
8 9 4 6 5 2 3 7 1
1 7 2 3 4 9 5 6 8
3 8 6 4 7 5 1 9 0
7 5 9 2 1 8 6 3 4
4 2 1 0 0 0 7 8 0
------------------
Step 40 - 2 @ R7C9
------------------
9 4 7 5 3 1 8 2 6
6 3 5 8 2 4 9 1 7
2 1 8 7 9 6 4 5 3
5 6 3 1 8 7 2 4 9
8 9 4 6 5 2 3 7 1
1 7 2 3 4 9 5 6 8
3 8 6 4 7 5 1 9 2
7 5 9 2 1 8 6 3 4
4 2 1 0 0 0 7 8 0
------------------
Step 41 - 9 @ R9C4
------------------
9 4 7 5 3 1 8 2 6
6 3 5 8 2 4 9 1 7
2 1 8 7 9 6 4 5 3
5 6 3 1 8 7 2 4 9
8 9 4 6 5 2 3 7 1
1 7 2 3 4 9 5 6 8
3 8 6 4 7 5 1 9 2
7 5 9 2 1 8 6 3 4
4 2 1 9 0 0 7 8 0
------------------
Step 42 - 6 @ R9C5
------------------
9 4 7 5 3 1 8 2 6
6 3 5 8 2 4 9 1 7
2 1 8 7 9 6 4 5 3
5 6 3 1 8 7 2 4 9
8 9 4 6 5 2 3 7 1
1 7 2 3 4 9 5 6 8
3 8 6 4 7 5 1 9 2
7 5 9 2 1 8 6 3 4
4 2 1 9 6 0 7 8 0
------------------
Step 43 - 3 @ R9C6
------------------
9 4 7 5 3 1 8 2 6
6 3 5 8 2 4 9 1 7
2 1 8 7 9 6 4 5 3
5 6 3 1 8 7 2 4 9
8 9 4 6 5 2 3 7 1
1 7 2 3 4 9 5 6 8
3 8 6 4 7 5 1 9 2
7 5 9 2 1 8 6 3 4
4 2 1 9 6 3 7 8 0
------------------
Step 44 - 5 @ R9C9
------------------
9 4 7 5 3 1 8 2 6
6 3 5 8 2 4 9 1 7
2 1 8 7 9 6 4 5 3
5 6 3 1 8 7 2 4 9
8 9 4 6 5 2 3 7 1
1 7 2 3 4 9 5 6 8
3 8 6 4 7 5 1 9 2
7 5 9 2 1 8 6 3 4
4 2 1 9 6 3 7 8 5
------------------