------------------
Step 1 - 5 @ R3C5
------------------
0 0 0 0 4 0 0 0 9
0 0 0 7 0 0 0 0 0
0 0 1 0 5 0 6 0 0
0 1 3 6 9 0 4 0 0
0 0 0 0 0 0 0 0 8
0 0 0 5 2 8 0 0 0
0 6 7 1 8 0 0 0 0
0 0 0 0 0 0 9 0 2
9 5 4 0 3 0 0 1 0
------------------
Step 2 - 7 @ R4C6
------------------
0 0 0 0 4 0 0 0 9
0 0 0 7 0 0 0 0 0
0 0 1 0 5 0 6 0 0
0 1 3 6 9 7 4 0 0
0 0 0 0 0 0 0 0 8
0 0 0 5 2 8 0 0 0
0 6 7 1 8 0 0 0 0
0 0 0 0 0 0 9 0 2
9 5 4 0 3 0 0 1 0
------------------
Step 3 - 5 @ R4C9
------------------
0 0 0 0 4 0 0 0 9
0 0 0 7 0 0 0 0 0
0 0 1 0 5 0 6 0 0
0 1 3 6 9 7 4 0 5
0 0 0 0 0 0 0 0 8
0 0 0 5 2 8 0 0 0
0 6 7 1 8 0 0 0 0
0 0 0 0 0 0 9 0 2
9 5 4 0 3 0 0 1 0
------------------
Step 4 - 2 @ R4C8
------------------
0 0 0 0 4 0 0 0 9
0 0 0 7 0 0 0 0 0
0 0 1 0 5 0 6 0 0
0 1 3 6 9 7 4 2 5
0 0 0 0 0 0 0 0 8
0 0 0 5 2 8 0 0 0
0 6 7 1 8 0 0 0 0
0 0 0 0 0 0 9 0 2
9 5 4 0 3 0 0 1 0
------------------
Step 5 - 8 @ R4C1
------------------
0 0 0 0 4 0 0 0 9
0 0 0 7 0 0 0 0 0
0 0 1 0 5 0 6 0 0
8 1 3 6 9 7 4 2 5
0 0 0 0 0 0 0 0 8
0 0 0 5 2 8 0 0 0
0 6 7 1 8 0 0 0 0
0 0 0 0 0 0 9 0 2
9 5 4 0 3 0 0 1 0
------------------
Step 6 - 1 @ R5C5
------------------
0 0 0 0 4 0 0 0 9
0 0 0 7 0 0 0 0 0
0 0 1 0 5 0 6 0 0
8 1 3 6 9 7 4 2 5
0 0 0 0 1 0 0 0 8
0 0 0 5 2 8 0 0 0
0 6 7 1 8 0 0 0 0
0 0 0 0 0 0 9 0 2
9 5 4 0 3 0 0 1 0
------------------
Step 7 - 6 @ R2C5
------------------
0 0 0 0 4 0 0 0 9
0 0 0 7 6 0 0 0 0
0 0 1 0 5 0 6 0 0
8 1 3 6 9 7 4 2 5
0 0 0 0 1 0 0 0 8
0 0 0 5 2 8 0 0 0
0 6 7 1 8 0 0 0 0
0 0 0 0 0 0 9 0 2
9 5 4 0 3 0 0 1 0
------------------
Step 8 - 8 @ R8C3
------------------
0 0 0 0 4 0 0 0 9
0 0 0 7 6 0 0 0 0
0 0 1 0 5 0 6 0 0
8 1 3 6 9 7 4 2 5
0 0 0 0 1 0 0 0 8
0 0 0 5 2 8 0 0 0
0 6 7 1 8 0 0 0 0
0 0 8 0 0 0 9 0 2
9 5 4 0 3 0 0 1 0
------------------
Step 9 - 3 @ R8C2
------------------
0 0 0 0 4 0 0 0 9
0 0 0 7 6 0 0 0 0
0 0 1 0 5 0 6 0 0
8 1 3 6 9 7 4 2 5
0 0 0 0 1 0 0 0 8
0 0 0 5 2 8 0 0 0
0 6 7 1 8 0 0 0 0
0 3 8 0 0 0 9 0 2
9 5 4 0 3 0 0 1 0
------------------
Step 10 - 2 @ R7C1
------------------
0 0 0 0 4 0 0 0 9
0 0 0 7 6 0 0 0 0
0 0 1 0 5 0 6 0 0
8 1 3 6 9 7 4 2 5
0 0 0 0 1 0 0 0 8
0 0 0 5 2 8 0 0 0
2 6 7 1 8 0 0 0 0
0 3 8 0 0 0 9 0 2
9 5 4 0 3 0 0 1 0
------------------
Step 11 - 1 @ R8C1
------------------
0 0 0 0 4 0 0 0 9
0 0 0 7 6 0 0 0 0
0 0 1 0 5 0 6 0 0
8 1 3 6 9 7 4 2 5
0 0 0 0 1 0 0 0 8
0 0 0 5 2 8 0 0 0
2 6 7 1 8 0 0 0 0
1 3 8 0 0 0 9 0 2
9 5 4 0 3 0 0 1 0
------------------
Step 12 - 4 @ R8C4
------------------
0 0 0 0 4 0 0 0 9
0 0 0 7 6 0 0 0 0
0 0 1 0 5 0 6 0 0
8 1 3 6 9 7 4 2 5
0 0 0 0 1 0 0 0 8
0 0 0 5 2 8 0 0 0
2 6 7 1 8 0 0 0 0
1 3 8 4 0 0 9 0 2
9 5 4 0 3 0 0 1 0
------------------
Step 13 - 3 @ R5C4
------------------
0 0 0 0 4 0 0 0 9
0 0 0 7 6 0 0 0 0
0 0 1 0 5 0 6 0 0
8 1 3 6 9 7 4 2 5
0 0 0 3 1 0 0 0 8
0 0 0 5 2 8 0 0 0
2 6 7 1 8 0 0 0 0
1 3 8 4 0 0 9 0 2
9 5 4 0 3 0 0 1 0
------------------
Step 14 - 4 @ R5C6
------------------
0 0 0 0 4 0 0 0 9
0 0 0 7 6 0 0 0 0
0 0 1 0 5 0 6 0 0
8 1 3 6 9 7 4 2 5
0 0 0 3 1 4 0 0 8
0 0 0 5 2 8 0 0 0
2 6 7 1 8 0 0 0 0
1 3 8 4 0 0 9 0 2
9 5 4 0 3 0 0 1 0
------------------
Step 15 - 7 @ R5C7
------------------
0 0 0 0 4 0 0 0 9
0 0 0 7 6 0 0 0 0
0 0 1 0 5 0 6 0 0
8 1 3 6 9 7 4 2 5
0 0 0 3 1 4 7 0 8
0 0 0 5 2 8 0 0 0
2 6 7 1 8 0 0 0 0
1 3 8 4 0 0 9 0 2
9 5 4 0 3 0 0 1 0
------------------
Step 16 - 7 @ R8C5
------------------
0 0 0 0 4 0 0 0 9
0 0 0 7 6 0 0 0 0
0 0 1 0 5 0 6 0 0
8 1 3 6 9 7 4 2 5
0 0 0 3 1 4 7 0 8
0 0 0 5 2 8 0 0 0
2 6 7 1 8 0 0 0 0
1 3 8 4 7 0 9 0 2
9 5 4 0 3 0 0 1 0
------------------
Step 17 - 2 @ R9C4
------------------
0 0 0 0 4 0 0 0 9
0 0 0 7 6 0 0 0 0
0 0 1 0 5 0 6 0 0
8 1 3 6 9 7 4 2 5
0 0 0 3 1 4 7 0 8
0 0 0 5 2 8 0 0 0
2 6 7 1 8 0 0 0 0
1 3 8 4 7 0 9 0 2
9 5 4 2 3 0 0 1 0
------------------
Step 18 - 8 @ R1C4
------------------
0 0 0 8 4 0 0 0 9
0 0 0 7 6 0 0 0 0
0 0 1 0 5 0 6 0 0
8 1 3 6 9 7 4 2 5
0 0 0 3 1 4 7 0 8
0 0 0 5 2 8 0 0 0
2 6 7 1 8 0 0 0 0
1 3 8 4 7 0 9 0 2
9 5 4 2 3 0 0 1 0
------------------
Step 19 - 9 @ R3C4
------------------
0 0 0 8 4 0 0 0 9
0 0 0 7 6 0 0 0 0
0 0 1 9 5 0 6 0 0
8 1 3 6 9 7 4 2 5
0 0 0 3 1 4 7 0 8
0 0 0 5 2 8 0 0 0
2 6 7 1 8 0 0 0 0
1 3 8 4 7 0 9 0 2
9 5 4 2 3 0 0 1 0
------------------
Step 20 - 6 @ R9C6
------------------
0 0 0 8 4 0 0 0 9
0 0 0 7 6 0 0 0 0
0 0 1 9 5 0 6 0 0
8 1 3 6 9 7 4 2 5
0 0 0 3 1 4 7 0 8
0 0 0 5 2 8 0 0 0
2 6 7 1 8 0 0 0 0
1 3 8 4 7 0 9 0 2
9 5 4 2 3 6 0 1 0
------------------
Step 21 - 5 @ R8C6
------------------
0 0 0 8 4 0 0 0 9
0 0 0 7 6 0 0 0 0
0 0 1 9 5 0 6 0 0
8 1 3 6 9 7 4 2 5
0 0 0 3 1 4 7 0 8
0 0 0 5 2 8 0 0 0
2 6 7 1 8 0 0 0 0
1 3 8 4 7 5 9 0 2
9 5 4 2 3 6 0 1 0
------------------
Step 22 - 9 @ R7C6
------------------
0 0 0 8 4 0 0 0 9
0 0 0 7 6 0 0 0 0
0 0 1 9 5 0 6 0 0
8 1 3 6 9 7 4 2 5
0 0 0 3 1 4 7 0 8
0 0 0 5 2 8 0 0 0
2 6 7 1 8 9 0 0 0
1 3 8 4 7 5 9 0 2
9 5 4 2 3 6 0 1 0
------------------
Step 23 - 6 @ R8C8
------------------
0 0 0 8 4 0 0 0 9
0 0 0 7 6 0 0 0 0
0 0 1 9 5 0 6 0 0
8 1 3 6 9 7 4 2 5
0 0 0 3 1 4 7 0 8
0 0 0 5 2 8 0 0 0
2 6 7 1 8 9 0 0 0
1 3 8 4 7 5 9 6 2
9 5 4 2 3 6 0 1 0
------------------
Step 24 - 9 @ R5C8
------------------
0 0 0 8 4 0 0 0 9
0 0 0 7 6 0 0 0 0
0 0 1 9 5 0 6 0 0
8 1 3 6 9 7 4 2 5
0 0 0 3 1 4 7 9 8
0 0 0 5 2 8 0 0 0
2 6 7 1 8 9 0 0 0
1 3 8 4 7 5 9 6 2
9 5 4 2 3 6 0 1 0
------------------
Step 25 - 2 @ R5C2
------------------
0 0 0 8 4 0 0 0 9
0 0 0 7 6 0 0 0 0
0 0 1 9 5 0 6 0 0
8 1 3 6 9 7 4 2 5
0 2 0 3 1 4 7 9 8
0 0 0 5 2 8 0 0 0
2 6 7 1 8 9 0 0 0
1 3 8 4 7 5 9 6 2
9 5 4 2 3 6 0 1 0
------------------
Step 26 - 7 @ R1C2
------------------
0 7 0 8 4 0 0 0 9
0 0 0 7 6 0 0 0 0
0 0 1 9 5 0 6 0 0
8 1 3 6 9 7 4 2 5
0 2 0 3 1 4 7 9 8
0 0 0 5 2 8 0 0 0
2 6 7 1 8 9 0 0 0
1 3 8 4 7 5 9 6 2
9 5 4 2 3 6 0 1 0
------------------
Step 27 - 3 @ R6C8
------------------
0 7 0 8 4 0 0 0 9
0 0 0 7 6 0 0 0 0
0 0 1 9 5 0 6 0 0
8 1 3 6 9 7 4 2 5
0 2 0 3 1 4 7 9 8
0 0 0 5 2 8 0 3 0
2 6 7 1 8 9 0 0 0
1 3 8 4 7 5 9 6 2
9 5 4 2 3 6 0 1 0
------------------
Step 28 - 5 @ R1C8
------------------
0 7 0 8 4 0 0 5 9
0 0 0 7 6 0 0 0 0
0 0 1 9 5 0 6 0 0
8 1 3 6 9 7 4 2 5
0 2 0 3 1 4 7 9 8
0 0 0 5 2 8 0 3 0
2 6 7 1 8 9 0 0 0
1 3 8 4 7 5 9 6 2
9 5 4 2 3 6 0 1 0
------------------
Step 29 - 1 @ R6C7
------------------
0 7 0 8 4 0 0 5 9
0 0 0 7 6 0 0 0 0
0 0 1 9 5 0 6 0 0
8 1 3 6 9 7 4 2 5
0 2 0 3 1 4 7 9 8
0 0 0 5 2 8 1 3 0
2 6 7 1 8 9 0 0 0
1 3 8 4 7 5 9 6 2
9 5 4 2 3 6 0 1 0
------------------
Step 30 - 6 @ R6C9
------------------
0 7 0 8 4 0 0 5 9
0 0 0 7 6 0 0 0 0
0 0 1 9 5 0 6 0 0
8 1 3 6 9 7 4 2 5
0 2 0 3 1 4 7 9 8
0 0 0 5 2 8 1 3 6
2 6 7 1 8 9 0 0 0
1 3 8 4 7 5 9 6 2
9 5 4 2 3 6 0 1 0
------------------
Step 31 - 9 @ R6C3
------------------
0 7 0 8 4 0 0 5 9
0 0 0 7 6 0 0 0 0
0 0 1 9 5 0 6 0 0
8 1 3 6 9 7 4 2 5
0 2 0 3 1 4 7 9 8
0 0 9 5 2 8 1 3 6
2 6 7 1 8 9 0 0 0
1 3 8 4 7 5 9 6 2
9 5 4 2 3 6 0 1 0
------------------
Step 32 - 4 @ R6C2
------------------
0 7 0 8 4 0 0 5 9
0 0 0 7 6 0 0 0 0
0 0 1 9 5 0 6 0 0
8 1 3 6 9 7 4 2 5
0 2 0 3 1 4 7 9 8
0 4 9 5 2 8 1 3 6
2 6 7 1 8 9 0 0 0
1 3 8 4 7 5 9 6 2
9 5 4 2 3 6 0 1 0
------------------
Step 33 - 8 @ R3C2
------------------
0 7 0 8 4 0 0 5 9
0 0 0 7 6 0 0 0 0
0 8 1 9 5 0 6 0 0
8 1 3 6 9 7 4 2 5
0 2 0 3 1 4 7 9 8
0 4 9 5 2 8 1 3 6
2 6 7 1 8 9 0 0 0
1 3 8 4 7 5 9 6 2
9 5 4 2 3 6 0 1 0
------------------
Step 34 - 9 @ R2C2
------------------
0 7 0 8 4 0 0 5 9
0 9 0 7 6 0 0 0 0
0 8 1 9 5 0 6 0 0
8 1 3 6 9 7 4 2 5
0 2 0 3 1 4 7 9 8
0 4 9 5 2 8 1 3 6
2 6 7 1 8 9 0 0 0
1 3 8 4 7 5 9 6 2
9 5 4 2 3 6 0 1 0
------------------
Step 35 - 7 @ R6C1
------------------
0 7 0 8 4 0 0 5 9
0 9 0 7 6 0 0 0 0
0 8 1 9 5 0 6 0 0
8 1 3 6 9 7 4 2 5
0 2 0 3 1 4 7 9 8
7 4 9 5 2 8 1 3 6
2 6 7 1 8 9 0 0 0
1 3 8 4 7 5 9 6 2
9 5 4 2 3 6 0 1 0
------------------
Step 36 - 4 @ R7C8
------------------
0 7 0 8 4 0 0 5 9
0 9 0 7 6 0 0 0 0
0 8 1 9 5 0 6 0 0
8 1 3 6 9 7 4 2 5
0 2 0 3 1 4 7 9 8
7 4 9 5 2 8 1 3 6
2 6 7 1 8 9 0 4 0
1 3 8 4 7 5 9 6 2
9 5 4 2 3 6 0 1 0
------------------
Step 37 - 8 @ R2C8
------------------
0 7 0 8 4 0 0 5 9
0 9 0 7 6 0 0 8 0
0 8 1 9 5 0 6 0 0
8 1 3 6 9 7 4 2 5
0 2 0 3 1 4 7 9 8
7 4 9 5 2 8 1 3 6
2 6 7 1 8 9 0 4 0
1 3 8 4 7 5 9 6 2
9 5 4 2 3 6 0 1 0
------------------
Step 38 - 7 @ R3C8
------------------
0 7 0 8 4 0 0 5 9
0 9 0 7 6 0 0 8 0
0 8 1 9 5 0 6 7 0
8 1 3 6 9 7 4 2 5
0 2 0 3 1 4 7 9 8
7 4 9 5 2 8 1 3 6
2 6 7 1 8 9 0 4 0
1 3 8 4 7 5 9 6 2
9 5 4 2 3 6 0 1 0
------------------
Step 39 - 3 @ R7C9
------------------
0 7 0 8 4 0 0 5 9
0 9 0 7 6 0 0 8 0
0 8 1 9 5 0 6 7 0
8 1 3 6 9 7 4 2 5
0 2 0 3 1 4 7 9 8
7 4 9 5 2 8 1 3 6
2 6 7 1 8 9 0 4 3
1 3 8 4 7 5 9 6 2
9 5 4 2 3 6 0 1 0
------------------
Step 40 - 4 @ R3C9
------------------
0 7 0 8 4 0 0 5 9
0 9 0 7 6 0 0 8 0
0 8 1 9 5 0 6 7 4
8 1 3 6 9 7 4 2 5
0 2 0 3 1 4 7 9 8
7 4 9 5 2 8 1 3 6
2 6 7 1 8 9 0 4 3
1 3 8 4 7 5 9 6 2
9 5 4 2 3 6 0 1 0
------------------
Step 41 - 1 @ R2C9
------------------
0 7 0 8 4 0 0 5 9
0 9 0 7 6 0 0 8 1
0 8 1 9 5 0 6 7 4
8 1 3 6 9 7 4 2 5
0 2 0 3 1 4 7 9 8
7 4 9 5 2 8 1 3 6
2 6 7 1 8 9 0 4 3
1 3 8 4 7 5 9 6 2
9 5 4 2 3 6 0 1 0
------------------
Step 42 - 3 @ R3C1
------------------
0 7 0 8 4 0 0 5 9
0 9 0 7 6 0 0 8 1
3 8 1 9 5 0 6 7 4
8 1 3 6 9 7 4 2 5
0 2 0 3 1 4 7 9 8
7 4 9 5 2 8 1 3 6
2 6 7 1 8 9 0 4 3
1 3 8 4 7 5 9 6 2
9 5 4 2 3 6 0 1 0
------------------
Step 43 - 6 @ R1C1
------------------
6 7 0 8 4 0 0 5 9
0 9 0 7 6 0 0 8 1
3 8 1 9 5 0 6 7 4
8 1 3 6 9 7 4 2 5
0 2 0 3 1 4 7 9 8
7 4 9 5 2 8 1 3 6
2 6 7 1 8 9 0 4 3
1 3 8 4 7 5 9 6 2
9 5 4 2 3 6 0 1 0
------------------
Step 44 - 2 @ R1C3
------------------
6 7 2 8 4 0 0 5 9
0 9 0 7 6 0 0 8 1
3 8 1 9 5 0 6 7 4
8 1 3 6 9 7 4 2 5
0 2 0 3 1 4 7 9 8
7 4 9 5 2 8 1 3 6
2 6 7 1 8 9 0 4 3
1 3 8 4 7 5 9 6 2
9 5 4 2 3 6 0 1 0
------------------
Step 45 - 3 @ R1C7
------------------
6 7 2 8 4 0 3 5 9
0 9 0 7 6 0 0 8 1
3 8 1 9 5 0 6 7 4
8 1 3 6 9 7 4 2 5
0 2 0 3 1 4 7 9 8
7 4 9 5 2 8 1 3 6
2 6 7 1 8 9 0 4 3
1 3 8 4 7 5 9 6 2
9 5 4 2 3 6 0 1 0
------------------
Step 46 - 1 @ R1C6
------------------
6 7 2 8 4 1 3 5 9
0 9 0 7 6 0 0 8 1
3 8 1 9 5 0 6 7 4
8 1 3 6 9 7 4 2 5
0 2 0 3 1 4 7 9 8
7 4 9 5 2 8 1 3 6
2 6 7 1 8 9 0 4 3
1 3 8 4 7 5 9 6 2
9 5 4 2 3 6 0 1 0
------------------
Step 47 - 5 @ R2C3
------------------
6 7 2 8 4 1 3 5 9
0 9 5 7 6 0 0 8 1
3 8 1 9 5 0 6 7 4
8 1 3 6 9 7 4 2 5
0 2 0 3 1 4 7 9 8
7 4 9 5 2 8 1 3 6
2 6 7 1 8 9 0 4 3
1 3 8 4 7 5 9 6 2
9 5 4 2 3 6 0 1 0
------------------
Step 48 - 4 @ R2C1
------------------
6 7 2 8 4 1 3 5 9
4 9 5 7 6 0 0 8 1
3 8 1 9 5 0 6 7 4
8 1 3 6 9 7 4 2 5
0 2 0 3 1 4 7 9 8
7 4 9 5 2 8 1 3 6
2 6 7 1 8 9 0 4 3
1 3 8 4 7 5 9 6 2
9 5 4 2 3 6 0 1 0
------------------
Step 49 - 2 @ R2C7
------------------
6 7 2 8 4 1 3 5 9
4 9 5 7 6 0 2 8 1
3 8 1 9 5 0 6 7 4
8 1 3 6 9 7 4 2 5
0 2 0 3 1 4 7 9 8
7 4 9 5 2 8 1 3 6
2 6 7 1 8 9 0 4 3
1 3 8 4 7 5 9 6 2
9 5 4 2 3 6 0 1 0
------------------
Step 50 - 3 @ R2C6
------------------
6 7 2 8 4 1 3 5 9
4 9 5 7 6 3 2 8 1
3 8 1 9 5 0 6 7 4
8 1 3 6 9 7 4 2 5
0 2 0 3 1 4 7 9 8
7 4 9 5 2 8 1 3 6
2 6 7 1 8 9 0 4 3
1 3 8 4 7 5 9 6 2
9 5 4 2 3 6 0 1 0
------------------
Step 51 - 2 @ R3C6
------------------
6 7 2 8 4 1 3 5 9
4 9 5 7 6 3 2 8 1
3 8 1 9 5 2 6 7 4
8 1 3 6 9 7 4 2 5
0 2 0 3 1 4 7 9 8
7 4 9 5 2 8 1 3 6
2 6 7 1 8 9 0 4 3
1 3 8 4 7 5 9 6 2
9 5 4 2 3 6 0 1 0
------------------
Step 52 - 5 @ R5C1
------------------
6 7 2 8 4 1 3 5 9
4 9 5 7 6 3 2 8 1
3 8 1 9 5 2 6 7 4
8 1 3 6 9 7 4 2 5
5 2 0 3 1 4 7 9 8
7 4 9 5 2 8 1 3 6
2 6 7 1 8 9 0 4 3
1 3 8 4 7 5 9 6 2
9 5 4 2 3 6 0 1 0
------------------
Step 53 - 6 @ R5C3
------------------
6 7 2 8 4 1 3 5 9
4 9 5 7 6 3 2 8 1
3 8 1 9 5 2 6 7 4
8 1 3 6 9 7 4 2 5
5 2 6 3 1 4 7 9 8
7 4 9 5 2 8 1 3 6
2 6 7 1 8 9 0 4 3
1 3 8 4 7 5 9 6 2
9 5 4 2 3 6 0 1 0
------------------
Step 54 - 5 @ R7C7
------------------
6 7 2 8 4 1 3 5 9
4 9 5 7 6 3 2 8 1
3 8 1 9 5 2 6 7 4
8 1 3 6 9 7 4 2 5
5 2 6 3 1 4 7 9 8
7 4 9 5 2 8 1 3 6
2 6 7 1 8 9 5 4 3
1 3 8 4 7 5 9 6 2
9 5 4 2 3 6 0 1 0
------------------
Step 55 - 8 @ R9C7
------------------
6 7 2 8 4 1 3 5 9
4 9 5 7 6 3 2 8 1
3 8 1 9 5 2 6 7 4
8 1 3 6 9 7 4 2 5
5 2 6 3 1 4 7 9 8
7 4 9 5 2 8 1 3 6
2 6 7 1 8 9 5 4 3
1 3 8 4 7 5 9 6 2
9 5 4 2 3 6 8 1 0
------------------
Step 56 - 7 @ R9C9
------------------
6 7 2 8 4 1 3 5 9
4 9 5 7 6 3 2 8 1
3 8 1 9 5 2 6 7 4
8 1 3 6 9 7 4 2 5
5 2 6 3 1 4 7 9 8
7 4 9 5 2 8 1 3 6
2 6 7 1 8 9 5 4 3
1 3 8 4 7 5 9 6 2
9 5 4 2 3 6 8 1 7
------------------