------------------
Step 1 - 8 @ R1C2
------------------
0 8 7 0 0 1 4 0 0
0 6 0 0 0 0 0 0 0
2 0 5 0 0 0 0 0 0
0 0 1 7 6 0 0 5 8
0 0 0 0 3 0 0 0 0
0 9 0 2 0 4 0 0 0
0 3 0 0 5 0 0 0 9
0 0 4 0 0 0 6 0 0
0 5 0 0 8 0 7 2 1
------------------
Step 2 - 9 @ R4C6
------------------
0 8 7 0 0 1 4 0 0
0 6 0 0 0 0 0 0 0
2 0 5 0 0 0 0 0 0
0 0 1 7 6 9 0 5 8
0 0 0 0 3 0 0 0 0
0 9 0 2 0 4 0 0 0
0 3 0 0 5 0 0 0 9
0 0 4 0 0 0 6 0 0
0 5 0 0 8 0 7 2 1
------------------
Step 3 - 1 @ R6C5
------------------
0 8 7 0 0 1 4 0 0
0 6 0 0 0 0 0 0 0
2 0 5 0 0 0 0 0 0
0 0 1 7 6 9 0 5 8
0 0 0 0 3 0 0 0 0
0 9 0 2 1 4 0 0 0
0 3 0 0 5 0 0 0 9
0 0 4 0 0 0 6 0 0
0 5 0 0 8 0 7 2 1
------------------
Step 4 - 3 @ R6C7
------------------
0 8 7 0 0 1 4 0 0
0 6 0 0 0 0 0 0 0
2 0 5 0 0 0 0 0 0
0 0 1 7 6 9 0 5 8
0 0 0 0 3 0 0 0 0
0 9 0 2 1 4 3 0 0
0 3 0 0 5 0 0 0 9
0 0 4 0 0 0 6 0 0
0 5 0 0 8 0 7 2 1
------------------
Step 5 - 2 @ R4C7
------------------
0 8 7 0 0 1 4 0 0
0 6 0 0 0 0 0 0 0
2 0 5 0 0 0 0 0 0
0 0 1 7 6 9 2 5 8
0 0 0 0 3 0 0 0 0
0 9 0 2 1 4 3 0 0
0 3 0 0 5 0 0 0 9
0 0 4 0 0 0 6 0 0
0 5 0 0 8 0 7 2 1
------------------
Step 6 - 4 @ R4C2
------------------
0 8 7 0 0 1 4 0 0
0 6 0 0 0 0 0 0 0
2 0 5 0 0 0 0 0 0
0 4 1 7 6 9 2 5 8
0 0 0 0 3 0 0 0 0
0 9 0 2 1 4 3 0 0
0 3 0 0 5 0 0 0 9
0 0 4 0 0 0 6 0 0
0 5 0 0 8 0 7 2 1
------------------
Step 7 - 1 @ R3C2
------------------
0 8 7 0 0 1 4 0 0
0 6 0 0 0 0 0 0 0
2 1 5 0 0 0 0 0 0
0 4 1 7 6 9 2 5 8
0 0 0 0 3 0 0 0 0
0 9 0 2 1 4 3 0 0
0 3 0 0 5 0 0 0 9
0 0 4 0 0 0 6 0 0
0 5 0 0 8 0 7 2 1
------------------
Step 8 - 3 @ R4C1
------------------
0 8 7 0 0 1 4 0 0
0 6 0 0 0 0 0 0 0
2 1 5 0 0 0 0 0 0
3 4 1 7 6 9 2 5 8
0 0 0 0 3 0 0 0 0
0 9 0 2 1 4 3 0 0
0 3 0 0 5 0 0 0 9
0 0 4 0 0 0 6 0 0
0 5 0 0 8 0 7 2 1
------------------
Step 9 - 9 @ R1C1
------------------
9 8 7 0 0 1 4 0 0
0 6 0 0 0 0 0 0 0
2 1 5 0 0 0 0 0 0
3 4 1 7 6 9 2 5 8
0 0 0 0 3 0 0 0 0
0 9 0 2 1 4 3 0 0
0 3 0 0 5 0 0 0 9
0 0 4 0 0 0 6 0 0
0 5 0 0 8 0 7 2 1
------------------
Step 10 - 2 @ R1C5
------------------
9 8 7 0 2 1 4 0 0
0 6 0 0 0 0 0 0 0
2 1 5 0 0 0 0 0 0
3 4 1 7 6 9 2 5 8
0 0 0 0 3 0 0 0 0
0 9 0 2 1 4 3 0 0
0 3 0 0 5 0 0 0 9
0 0 4 0 0 0 6 0 0
0 5 0 0 8 0 7 2 1
------------------
Step 11 - 4 @ R2C1
------------------
9 8 7 0 2 1 4 0 0
4 6 0 0 0 0 0 0 0
2 1 5 0 0 0 0 0 0
3 4 1 7 6 9 2 5 8
0 0 0 0 3 0 0 0 0
0 9 0 2 1 4 3 0 0
0 3 0 0 5 0 0 0 9
0 0 4 0 0 0 6 0 0
0 5 0 0 8 0 7 2 1
------------------
Step 12 - 3 @ R2C3
------------------
9 8 7 0 2 1 4 0 0
4 6 3 0 0 0 0 0 0
2 1 5 0 0 0 0 0 0
3 4 1 7 6 9 2 5 8
0 0 0 0 3 0 0 0 0
0 9 0 2 1 4 3 0 0
0 3 0 0 5 0 0 0 9
0 0 4 0 0 0 6 0 0
0 5 0 0 8 0 7 2 1
------------------
Step 13 - 8 @ R7C7
------------------
9 8 7 0 2 1 4 0 0
4 6 3 0 0 0 0 0 0
2 1 5 0 0 0 0 0 0
3 4 1 7 6 9 2 5 8
0 0 0 0 3 0 0 0 0
0 9 0 2 1 4 3 0 0
0 3 0 0 5 0 8 0 9
0 0 4 0 0 0 6 0 0
0 5 0 0 8 0 7 2 1
------------------
Step 14 - 9 @ R3C7
------------------
9 8 7 0 2 1 4 0 0
4 6 3 0 0 0 0 0 0
2 1 5 0 0 0 9 0 0
3 4 1 7 6 9 2 5 8
0 0 0 0 3 0 0 0 0
0 9 0 2 1 4 3 0 0
0 3 0 0 5 0 8 0 9
0 0 4 0 0 0 6 0 0
0 5 0 0 8 0 7 2 1
------------------
Step 15 - 1 @ R5C7
------------------
9 8 7 0 2 1 4 0 0
4 6 3 0 0 0 0 0 0
2 1 5 0 0 0 9 0 0
3 4 1 7 6 9 2 5 8
0 0 0 0 3 0 1 0 0
0 9 0 2 1 4 3 0 0
0 3 0 0 5 0 8 0 9
0 0 4 0 0 0 6 0 0
0 5 0 0 8 0 7 2 1
------------------
Step 16 - 5 @ R2C7
------------------
9 8 7 0 2 1 4 0 0
4 6 3 0 0 0 5 0 0
2 1 5 0 0 0 9 0 0
3 4 1 7 6 9 2 5 8
0 0 0 0 3 0 1 0 0
0 9 0 2 1 4 3 0 0
0 3 0 0 5 0 8 0 9
0 0 4 0 0 0 6 0 0
0 5 0 0 8 0 7 2 1
------------------
Step 17 - 4 @ R7C8
------------------
9 8 7 0 2 1 4 0 0
4 6 3 0 0 0 5 0 0
2 1 5 0 0 0 9 0 0
3 4 1 7 6 9 2 5 8
0 0 0 0 3 0 1 0 0
0 9 0 2 1 4 3 0 0
0 3 0 0 5 0 8 4 9
0 0 4 0 0 0 6 0 0
0 5 0 0 8 0 7 2 1
------------------
Step 18 - 3 @ R8C8
------------------
9 8 7 0 2 1 4 0 0
4 6 3 0 0 0 5 0 0
2 1 5 0 0 0 9 0 0
3 4 1 7 6 9 2 5 8
0 0 0 0 3 0 1 0 0
0 9 0 2 1 4 3 0 0
0 3 0 0 5 0 8 4 9
0 0 4 0 0 0 6 3 0
0 5 0 0 8 0 7 2 1
------------------
Step 19 - 6 @ R1C8
------------------
9 8 7 0 2 1 4 6 0
4 6 3 0 0 0 5 0 0
2 1 5 0 0 0 9 0 0
3 4 1 7 6 9 2 5 8
0 0 0 0 3 0 1 0 0
0 9 0 2 1 4 3 0 0
0 3 0 0 5 0 8 4 9
0 0 4 0 0 0 6 3 0
0 5 0 0 8 0 7 2 1
------------------
Step 20 - 3 @ R1C9
------------------
9 8 7 0 2 1 4 6 3
4 6 3 0 0 0 5 0 0
2 1 5 0 0 0 9 0 0
3 4 1 7 6 9 2 5 8
0 0 0 0 3 0 1 0 0
0 9 0 2 1 4 3 0 0
0 3 0 0 5 0 8 4 9
0 0 4 0 0 0 6 3 0
0 5 0 0 8 0 7 2 1
------------------
Step 21 - 5 @ R1C4
------------------
9 8 7 5 2 1 4 6 3
4 6 3 0 0 0 5 0 0
2 1 5 0 0 0 9 0 0
3 4 1 7 6 9 2 5 8
0 0 0 0 3 0 1 0 0
0 9 0 2 1 4 3 0 0
0 3 0 0 5 0 8 4 9
0 0 4 0 0 0 6 3 0
0 5 0 0 8 0 7 2 1
------------------
Step 22 - 7 @ R3C9
------------------
9 8 7 5 2 1 4 6 3
4 6 3 0 0 0 5 0 0
2 1 5 0 0 0 9 0 7
3 4 1 7 6 9 2 5 8
0 0 0 0 3 0 1 0 0
0 9 0 2 1 4 3 0 0
0 3 0 0 5 0 8 4 9
0 0 4 0 0 0 6 3 0
0 5 0 0 8 0 7 2 1
------------------
Step 23 - 2 @ R2C9
------------------
9 8 7 5 2 1 4 6 3
4 6 3 0 0 0 5 0 2
2 1 5 0 0 0 9 0 7
3 4 1 7 6 9 2 5 8
0 0 0 0 3 0 1 0 0
0 9 0 2 1 4 3 0 0
0 3 0 0 5 0 8 4 9
0 0 4 0 0 0 6 3 0
0 5 0 0 8 0 7 2 1
------------------
Step 24 - 4 @ R3C5
------------------
9 8 7 5 2 1 4 6 3
4 6 3 0 0 0 5 0 2
2 1 5 0 4 0 9 0 7
3 4 1 7 6 9 2 5 8
0 0 0 0 3 0 1 0 0
0 9 0 2 1 4 3 0 0
0 3 0 0 5 0 8 4 9
0 0 4 0 0 0 6 3 0
0 5 0 0 8 0 7 2 1
------------------
Step 25 - 8 @ R3C8
------------------
9 8 7 5 2 1 4 6 3
4 6 3 0 0 0 5 0 2
2 1 5 0 4 0 9 8 7
3 4 1 7 6 9 2 5 8
0 0 0 0 3 0 1 0 0
0 9 0 2 1 4 3 0 0
0 3 0 0 5 0 8 4 9
0 0 4 0 0 0 6 3 0
0 5 0 0 8 0 7 2 1
------------------
Step 26 - 1 @ R2C8
------------------
9 8 7 5 2 1 4 6 3
4 6 3 0 0 0 5 1 2
2 1 5 0 4 0 9 8 7
3 4 1 7 6 9 2 5 8
0 0 0 0 3 0 1 0 0
0 9 0 2 1 4 3 0 0
0 3 0 0 5 0 8 4 9
0 0 4 0 0 0 6 3 0
0 5 0 0 8 0 7 2 1
------------------
Step 27 - 8 @ R5C4
------------------
9 8 7 5 2 1 4 6 3
4 6 3 0 0 0 5 1 2
2 1 5 0 4 0 9 8 7
3 4 1 7 6 9 2 5 8
0 0 0 8 3 0 1 0 0
0 9 0 2 1 4 3 0 0
0 3 0 0 5 0 8 4 9
0 0 4 0 0 0 6 3 0
0 5 0 0 8 0 7 2 1
------------------
Step 28 - 9 @ R2C4
------------------
9 8 7 5 2 1 4 6 3
4 6 3 9 0 0 5 1 2
2 1 5 0 4 0 9 8 7
3 4 1 7 6 9 2 5 8
0 0 0 8 3 0 1 0 0
0 9 0 2 1 4 3 0 0
0 3 0 0 5 0 8 4 9
0 0 4 0 0 0 6 3 0
0 5 0 0 8 0 7 2 1
------------------
Step 29 - 7 @ R2C5
------------------
9 8 7 5 2 1 4 6 3
4 6 3 9 7 0 5 1 2
2 1 5 0 4 0 9 8 7
3 4 1 7 6 9 2 5 8
0 0 0 8 3 0 1 0 0
0 9 0 2 1 4 3 0 0
0 3 0 0 5 0 8 4 9
0 0 4 0 0 0 6 3 0
0 5 0 0 8 0 7 2 1
------------------
Step 30 - 8 @ R2C6
------------------
9 8 7 5 2 1 4 6 3
4 6 3 9 7 8 5 1 2
2 1 5 0 4 0 9 8 7
3 4 1 7 6 9 2 5 8
0 0 0 8 3 0 1 0 0
0 9 0 2 1 4 3 0 0
0 3 0 0 5 0 8 4 9
0 0 4 0 0 0 6 3 0
0 5 0 0 8 0 7 2 1
------------------
Step 31 - 5 @ R5C6
------------------
9 8 7 5 2 1 4 6 3
4 6 3 9 7 8 5 1 2
2 1 5 0 4 0 9 8 7
3 4 1 7 6 9 2 5 8
0 0 0 8 3 5 1 0 0
0 9 0 2 1 4 3 0 0
0 3 0 0 5 0 8 4 9
0 0 4 0 0 0 6 3 0
0 5 0 0 8 0 7 2 1
------------------
Step 32 - 7 @ R6C8
------------------
9 8 7 5 2 1 4 6 3
4 6 3 9 7 8 5 1 2
2 1 5 0 4 0 9 8 7
3 4 1 7 6 9 2 5 8
0 0 0 8 3 5 1 0 0
0 9 0 2 1 4 3 7 0
0 3 0 0 5 0 8 4 9
0 0 4 0 0 0 6 3 0
0 5 0 0 8 0 7 2 1
------------------
Step 33 - 9 @ R5C8
------------------
9 8 7 5 2 1 4 6 3
4 6 3 9 7 8 5 1 2
2 1 5 0 4 0 9 8 7
3 4 1 7 6 9 2 5 8
0 0 0 8 3 5 1 9 0
0 9 0 2 1 4 3 7 0
0 3 0 0 5 0 8 4 9
0 0 4 0 0 0 6 3 0
0 5 0 0 8 0 7 2 1
------------------
Step 34 - 6 @ R6C9
------------------
9 8 7 5 2 1 4 6 3
4 6 3 9 7 8 5 1 2
2 1 5 0 4 0 9 8 7
3 4 1 7 6 9 2 5 8
0 0 0 8 3 5 1 9 0
0 9 0 2 1 4 3 7 6
0 3 0 0 5 0 8 4 9
0 0 4 0 0 0 6 3 0
0 5 0 0 8 0 7 2 1
------------------
Step 35 - 4 @ R5C9
------------------
9 8 7 5 2 1 4 6 3
4 6 3 9 7 8 5 1 2
2 1 5 0 4 0 9 8 7
3 4 1 7 6 9 2 5 8
0 0 0 8 3 5 1 9 4
0 9 0 2 1 4 3 7 6
0 3 0 0 5 0 8 4 9
0 0 4 0 0 0 6 3 0
0 5 0 0 8 0 7 2 1
------------------
Step 36 - 8 @ R6C3
------------------
9 8 7 5 2 1 4 6 3
4 6 3 9 7 8 5 1 2
2 1 5 0 4 0 9 8 7
3 4 1 7 6 9 2 5 8
0 0 0 8 3 5 1 9 4
0 9 8 2 1 4 3 7 6
0 3 0 0 5 0 8 4 9
0 0 4 0 0 0 6 3 0
0 5 0 0 8 0 7 2 1
------------------
Step 37 - 5 @ R6C1
------------------
9 8 7 5 2 1 4 6 3
4 6 3 9 7 8 5 1 2
2 1 5 0 4 0 9 8 7
3 4 1 7 6 9 2 5 8
0 0 0 8 3 5 1 9 4
5 9 8 2 1 4 3 7 6
0 3 0 0 5 0 8 4 9
0 0 4 0 0 0 6 3 0
0 5 0 0 8 0 7 2 1
------------------
Step 38 - 1 @ R8C4
------------------
9 8 7 5 2 1 4 6 3
4 6 3 9 7 8 5 1 2
2 1 5 0 4 0 9 8 7
3 4 1 7 6 9 2 5 8
0 0 0 8 3 5 1 9 4
5 9 8 2 1 4 3 7 6
0 3 0 0 5 0 8 4 9
0 0 4 1 0 0 6 3 0
0 5 0 0 8 0 7 2 1
------------------
Step 39 - 6 @ R7C4
------------------
9 8 7 5 2 1 4 6 3
4 6 3 9 7 8 5 1 2
2 1 5 0 4 0 9 8 7
3 4 1 7 6 9 2 5 8
0 0 0 8 3 5 1 9 4
5 9 8 2 1 4 3 7 6
0 3 0 6 5 0 8 4 9
0 0 4 1 0 0 6 3 0
0 5 0 0 8 0 7 2 1
------------------
Step 40 - 3 @ R3C4
------------------
9 8 7 5 2 1 4 6 3
4 6 3 9 7 8 5 1 2
2 1 5 3 4 0 9 8 7
3 4 1 7 6 9 2 5 8
0 0 0 8 3 5 1 9 4
5 9 8 2 1 4 3 7 6
0 3 0 6 5 0 8 4 9
0 0 4 1 0 0 6 3 0
0 5 0 0 8 0 7 2 1
------------------
Step 41 - 6 @ R3C6
------------------
9 8 7 5 2 1 4 6 3
4 6 3 9 7 8 5 1 2
2 1 5 3 4 6 9 8 7
3 4 1 7 6 9 2 5 8
0 0 0 8 3 5 1 9 4
5 9 8 2 1 4 3 7 6
0 3 0 6 5 0 8 4 9
0 0 4 1 0 0 6 3 0
0 5 0 0 8 0 7 2 1
------------------
Step 42 - 2 @ R7C3
------------------
9 8 7 5 2 1 4 6 3
4 6 3 9 7 8 5 1 2
2 1 5 3 4 6 9 8 7
3 4 1 7 6 9 2 5 8
0 0 0 8 3 5 1 9 4
5 9 8 2 1 4 3 7 6
0 3 2 6 5 0 8 4 9
0 0 4 1 0 0 6 3 0
0 5 0 0 8 0 7 2 1
------------------
Step 43 - 6 @ R5C3
------------------
9 8 7 5 2 1 4 6 3
4 6 3 9 7 8 5 1 2
2 1 5 3 4 6 9 8 7
3 4 1 7 6 9 2 5 8
0 0 6 8 3 5 1 9 4
5 9 8 2 1 4 3 7 6
0 3 2 6 5 0 8 4 9
0 0 4 1 0 0 6 3 0
0 5 0 0 8 0 7 2 1
------------------
Step 44 - 7 @ R5C1
------------------
9 8 7 5 2 1 4 6 3
4 6 3 9 7 8 5 1 2
2 1 5 3 4 6 9 8 7
3 4 1 7 6 9 2 5 8
7 0 6 8 3 5 1 9 4
5 9 8 2 1 4 3 7 6
0 3 2 6 5 0 8 4 9
0 0 4 1 0 0 6 3 0
0 5 0 0 8 0 7 2 1
------------------
Step 45 - 2 @ R5C2
------------------
9 8 7 5 2 1 4 6 3
4 6 3 9 7 8 5 1 2
2 1 5 3 4 6 9 8 7
3 4 1 7 6 9 2 5 8
7 2 6 8 3 5 1 9 4
5 9 8 2 1 4 3 7 6
0 3 2 6 5 0 8 4 9
0 0 4 1 0 0 6 3 0
0 5 0 0 8 0 7 2 1
------------------
Step 46 - 1 @ R7C1
------------------
9 8 7 5 2 1 4 6 3
4 6 3 9 7 8 5 1 2
2 1 5 3 4 6 9 8 7
3 4 1 7 6 9 2 5 8
7 2 6 8 3 5 1 9 4
5 9 8 2 1 4 3 7 6
1 3 2 6 5 0 8 4 9
0 0 4 1 0 0 6 3 0
0 5 0 0 8 0 7 2 1
------------------
Step 47 - 7 @ R7C6
------------------
9 8 7 5 2 1 4 6 3
4 6 3 9 7 8 5 1 2
2 1 5 3 4 6 9 8 7
3 4 1 7 6 9 2 5 8
7 2 6 8 3 5 1 9 4
5 9 8 2 1 4 3 7 6
1 3 2 6 5 7 8 4 9
0 0 4 1 0 0 6 3 0
0 5 0 0 8 0 7 2 1
------------------
Step 48 - 8 @ R8C1
------------------
9 8 7 5 2 1 4 6 3
4 6 3 9 7 8 5 1 2
2 1 5 3 4 6 9 8 7
3 4 1 7 6 9 2 5 8
7 2 6 8 3 5 1 9 4
5 9 8 2 1 4 3 7 6
1 3 2 6 5 7 8 4 9
8 0 4 1 0 0 6 3 0
0 5 0 0 8 0 7 2 1
------------------
Step 49 - 7 @ R8C2
------------------
9 8 7 5 2 1 4 6 3
4 6 3 9 7 8 5 1 2
2 1 5 3 4 6 9 8 7
3 4 1 7 6 9 2 5 8
7 2 6 8 3 5 1 9 4
5 9 8 2 1 4 3 7 6
1 3 2 6 5 7 8 4 9
8 7 4 1 0 0 6 3 0
0 5 0 0 8 0 7 2 1
------------------
Step 50 - 9 @ R8C5
------------------
9 8 7 5 2 1 4 6 3
4 6 3 9 7 8 5 1 2
2 1 5 3 4 6 9 8 7
3 4 1 7 6 9 2 5 8
7 2 6 8 3 5 1 9 4
5 9 8 2 1 4 3 7 6
1 3 2 6 5 7 8 4 9
8 7 4 1 9 0 6 3 0
0 5 0 0 8 0 7 2 1
------------------
Step 51 - 2 @ R8C6
------------------
9 8 7 5 2 1 4 6 3
4 6 3 9 7 8 5 1 2
2 1 5 3 4 6 9 8 7
3 4 1 7 6 9 2 5 8
7 2 6 8 3 5 1 9 4
5 9 8 2 1 4 3 7 6
1 3 2 6 5 7 8 4 9
8 7 4 1 9 2 6 3 0
0 5 0 0 8 0 7 2 1
------------------
Step 52 - 5 @ R8C9
------------------
9 8 7 5 2 1 4 6 3
4 6 3 9 7 8 5 1 2
2 1 5 3 4 6 9 8 7
3 4 1 7 6 9 2 5 8
7 2 6 8 3 5 1 9 4
5 9 8 2 1 4 3 7 6
1 3 2 6 5 7 8 4 9
8 7 4 1 9 2 6 3 5
0 5 0 0 8 0 7 2 1
------------------
Step 53 - 6 @ R9C1
------------------
9 8 7 5 2 1 4 6 3
4 6 3 9 7 8 5 1 2
2 1 5 3 4 6 9 8 7
3 4 1 7 6 9 2 5 8
7 2 6 8 3 5 1 9 4
5 9 8 2 1 4 3 7 6
1 3 2 6 5 7 8 4 9
8 7 4 1 9 2 6 3 5
6 5 0 0 8 0 7 2 1
------------------
Step 54 - 9 @ R9C3
------------------
9 8 7 5 2 1 4 6 3
4 6 3 9 7 8 5 1 2
2 1 5 3 4 6 9 8 7
3 4 1 7 6 9 2 5 8
7 2 6 8 3 5 1 9 4
5 9 8 2 1 4 3 7 6
1 3 2 6 5 7 8 4 9
8 7 4 1 9 2 6 3 5
6 5 9 0 8 0 7 2 1
------------------
Step 55 - 4 @ R9C4
------------------
9 8 7 5 2 1 4 6 3
4 6 3 9 7 8 5 1 2
2 1 5 3 4 6 9 8 7
3 4 1 7 6 9 2 5 8
7 2 6 8 3 5 1 9 4
5 9 8 2 1 4 3 7 6
1 3 2 6 5 7 8 4 9
8 7 4 1 9 2 6 3 5
6 5 9 4 8 0 7 2 1
------------------
Step 56 - 3 @ R9C6
------------------
9 8 7 5 2 1 4 6 3
4 6 3 9 7 8 5 1 2
2 1 5 3 4 6 9 8 7
3 4 1 7 6 9 2 5 8
7 2 6 8 3 5 1 9 4
5 9 8 2 1 4 3 7 6
1 3 2 6 5 7 8 4 9
8 7 4 1 9 2 6 3 5
6 5 9 4 8 3 7 2 1
------------------