------------------
Step 1 - 8 @ R3C8
------------------
0 0 2 0 0 0 5 0 0
0 1 0 7 0 5 0 2 0
4 0 0 0 9 0 0 8 7
0 4 9 0 0 0 7 3 0
8 0 1 0 3 0 4 0 9
0 3 6 0 0 0 2 1 0
2 0 0 0 8 0 0 0 4
0 8 0 9 0 2 0 6 0
0 0 7 0 0 0 8 0 0
------------------
Step 2 - 5 @ R4C1
------------------
0 0 2 0 0 0 5 0 0
0 1 0 7 0 5 0 2 0
4 0 0 0 9 0 0 8 7
5 4 9 0 0 0 7 3 0
8 0 1 0 3 0 4 0 9
0 3 6 0 0 0 2 1 0
2 0 0 0 8 0 0 0 4
0 8 0 9 0 2 0 6 0
0 0 7 0 0 0 8 0 0
------------------
Step 3 - 5 @ R5C8
------------------
0 0 2 0 0 0 5 0 0
0 1 0 7 0 5 0 2 0
4 0 0 0 9 0 0 8 7
5 4 9 0 0 0 7 3 0
8 0 1 0 3 0 4 5 9
0 3 6 0 0 0 2 1 0
2 0 0 0 8 0 0 0 4
0 8 0 9 0 2 0 6 0
0 0 7 0 0 0 8 0 0
------------------
Step 4 - 7 @ R6C1
------------------
0 0 2 0 0 0 5 0 0
0 1 0 7 0 5 0 2 0
4 0 0 0 9 0 0 8 7
5 4 9 0 0 0 7 3 0
8 0 1 0 3 0 4 5 9
7 3 6 0 0 0 2 1 0
2 0 0 0 8 0 0 0 4
0 8 0 9 0 2 0 6 0
0 0 7 0 0 0 8 0 0
------------------
Step 5 - 2 @ R5C2
------------------
0 0 2 0 0 0 5 0 0
0 1 0 7 0 5 0 2 0
4 0 0 0 9 0 0 8 7
5 4 9 0 0 0 7 3 0
8 2 1 0 3 0 4 5 9
7 3 6 0 0 0 2 1 0
2 0 0 0 8 0 0 0 4
0 8 0 9 0 2 0 6 0
0 0 7 0 0 0 8 0 0
------------------
Step 6 - 6 @ R5C4
------------------
0 0 2 0 0 0 5 0 0
0 1 0 7 0 5 0 2 0
4 0 0 0 9 0 0 8 7
5 4 9 0 0 0 7 3 0
8 2 1 6 3 0 4 5 9
7 3 6 0 0 0 2 1 0
2 0 0 0 8 0 0 0 4
0 8 0 9 0 2 0 6 0
0 0 7 0 0 0 8 0 0
------------------
Step 7 - 7 @ R5C6
------------------
0 0 2 0 0 0 5 0 0
0 1 0 7 0 5 0 2 0
4 0 0 0 9 0 0 8 7
5 4 9 0 0 0 7 3 0
8 2 1 6 3 7 4 5 9
7 3 6 0 0 0 2 1 0
2 0 0 0 8 0 0 0 4
0 8 0 9 0 2 0 6 0
0 0 7 0 0 0 8 0 0
------------------
Step 8 - 8 @ R6C9
------------------
0 0 2 0 0 0 5 0 0
0 1 0 7 0 5 0 2 0
4 0 0 0 9 0 0 8 7
5 4 9 0 0 0 7 3 0
8 2 1 6 3 7 4 5 9
7 3 6 0 0 0 2 1 8
2 0 0 0 8 0 0 0 4
0 8 0 9 0 2 0 6 0
0 0 7 0 0 0 8 0 0
------------------
Step 9 - 6 @ R4C9
------------------
0 0 2 0 0 0 5 0 0
0 1 0 7 0 5 0 2 0
4 0 0 0 9 0 0 8 7
5 4 9 0 0 0 7 3 6
8 2 1 6 3 7 4 5 9
7 3 6 0 0 0 2 1 8
2 0 0 0 8 0 0 0 4
0 8 0 9 0 2 0 6 0
0 0 7 0 0 0 8 0 0
------------------
Step 10 - 3 @ R2C9
------------------
0 0 2 0 0 0 5 0 0
0 1 0 7 0 5 0 2 3
4 0 0 0 9 0 0 8 7
5 4 9 0 0 0 7 3 6
8 2 1 6 3 7 4 5 9
7 3 6 0 0 0 2 1 8
2 0 0 0 8 0 0 0 4
0 8 0 9 0 2 0 6 0
0 0 7 0 0 0 8 0 0
------------------
Step 11 - 1 @ R1C9
------------------
0 0 2 0 0 0 5 0 1
0 1 0 7 0 5 0 2 3
4 0 0 0 9 0 0 8 7
5 4 9 0 0 0 7 3 6
8 2 1 6 3 7 4 5 9
7 3 6 0 0 0 2 1 8
2 0 0 0 8 0 0 0 4
0 8 0 9 0 2 0 6 0
0 0 7 0 0 0 8 0 0
------------------
Step 12 - 8 @ R2C3
------------------
0 0 2 0 0 0 5 0 1
0 1 8 7 0 5 0 2 3
4 0 0 0 9 0 0 8 7
5 4 9 0 0 0 7 3 6
8 2 1 6 3 7 4 5 9
7 3 6 0 0 0 2 1 8
2 0 0 0 8 0 0 0 4
0 8 0 9 0 2 0 6 0
0 0 7 0 0 0 8 0 0
------------------
Step 13 - 6 @ R3C7
------------------
0 0 2 0 0 0 5 0 1
0 1 8 7 0 5 0 2 3
4 0 0 0 9 0 6 8 7
5 4 9 0 0 0 7 3 6
8 2 1 6 3 7 4 5 9
7 3 6 0 0 0 2 1 8
2 0 0 0 8 0 0 0 4
0 8 0 9 0 2 0 6 0
0 0 7 0 0 0 8 0 0
------------------
Step 14 - 9 @ R2C7
------------------
0 0 2 0 0 0 5 0 1
0 1 8 7 0 5 9 2 3
4 0 0 0 9 0 6 8 7
5 4 9 0 0 0 7 3 6
8 2 1 6 3 7 4 5 9
7 3 6 0 0 0 2 1 8
2 0 0 0 8 0 0 0 4
0 8 0 9 0 2 0 6 0
0 0 7 0 0 0 8 0 0
------------------
Step 15 - 4 @ R1C8
------------------
0 0 2 0 0 0 5 4 1
0 1 8 7 0 5 9 2 3
4 0 0 0 9 0 6 8 7
5 4 9 0 0 0 7 3 6
8 2 1 6 3 7 4 5 9
7 3 6 0 0 0 2 1 8
2 0 0 0 8 0 0 0 4
0 8 0 9 0 2 0 6 0
0 0 7 0 0 0 8 0 0
------------------
Step 16 - 6 @ R1C5
------------------
0 0 2 0 6 0 5 4 1
0 1 8 7 0 5 9 2 3
4 0 0 0 9 0 6 8 7
5 4 9 0 0 0 7 3 6
8 2 1 6 3 7 4 5 9
7 3 6 0 0 0 2 1 8
2 0 0 0 8 0 0 0 4
0 8 0 9 0 2 0 6 0
0 0 7 0 0 0 8 0 0
------------------
Step 17 - 6 @ R2C1
------------------
0 0 2 0 6 0 5 4 1
6 1 8 7 0 5 9 2 3
4 0 0 0 9 0 6 8 7
5 4 9 0 0 0 7 3 6
8 2 1 6 3 7 4 5 9
7 3 6 0 0 0 2 1 8
2 0 0 0 8 0 0 0 4
0 8 0 9 0 2 0 6 0
0 0 7 0 0 0 8 0 0
------------------
Step 18 - 4 @ R2C5
------------------
0 0 2 0 6 0 5 4 1
6 1 8 7 4 5 9 2 3
4 0 0 0 9 0 6 8 7
5 4 9 0 0 0 7 3 6
8 2 1 6 3 7 4 5 9
7 3 6 0 0 0 2 1 8
2 0 0 0 8 0 0 0 4
0 8 0 9 0 2 0 6 0
0 0 7 0 0 0 8 0 0
------------------
Step 19 - 5 @ R3C2
------------------
0 0 2 0 6 0 5 4 1
6 1 8 7 4 5 9 2 3
4 5 0 0 9 0 6 8 7
5 4 9 0 0 0 7 3 6
8 2 1 6 3 7 4 5 9
7 3 6 0 0 0 2 1 8
2 0 0 0 8 0 0 0 4
0 8 0 9 0 2 0 6 0
0 0 7 0 0 0 8 0 0
------------------
Step 20 - 3 @ R3C3
------------------
0 0 2 0 6 0 5 4 1
6 1 8 7 4 5 9 2 3
4 5 3 0 9 0 6 8 7
5 4 9 0 0 0 7 3 6
8 2 1 6 3 7 4 5 9
7 3 6 0 0 0 2 1 8
2 0 0 0 8 0 0 0 4
0 8 0 9 0 2 0 6 0
0 0 7 0 0 0 8 0 0
------------------
Step 21 - 9 @ R1C1
------------------
9 0 2 0 6 0 5 4 1
6 1 8 7 4 5 9 2 3
4 5 3 0 9 0 6 8 7
5 4 9 0 0 0 7 3 6
8 2 1 6 3 7 4 5 9
7 3 6 0 0 0 2 1 8
2 0 0 0 8 0 0 0 4
0 8 0 9 0 2 0 6 0
0 0 7 0 0 0 8 0 0
------------------
Step 22 - 7 @ R1C2
------------------
9 7 2 0 6 0 5 4 1
6 1 8 7 4 5 9 2 3
4 5 3 0 9 0 6 8 7
5 4 9 0 0 0 7 3 6
8 2 1 6 3 7 4 5 9
7 3 6 0 0 0 2 1 8
2 0 0 0 8 0 0 0 4
0 8 0 9 0 2 0 6 0
0 0 7 0 0 0 8 0 0
------------------
Step 23 - 1 @ R3C6
------------------
9 7 2 0 6 0 5 4 1
6 1 8 7 4 5 9 2 3
4 5 3 0 9 1 6 8 7
5 4 9 0 0 0 7 3 6
8 2 1 6 3 7 4 5 9
7 3 6 0 0 0 2 1 8
2 0 0 0 8 0 0 0 4
0 8 0 9 0 2 0 6 0
0 0 7 0 0 0 8 0 0
------------------
Step 24 - 2 @ R3C4
------------------
9 7 2 0 6 0 5 4 1
6 1 8 7 4 5 9 2 3
4 5 3 2 9 1 6 8 7
5 4 9 0 0 0 7 3 6
8 2 1 6 3 7 4 5 9
7 3 6 0 0 0 2 1 8
2 0 0 0 8 0 0 0 4
0 8 0 9 0 2 0 6 0
0 0 7 0 0 0 8 0 0
------------------
Step 25 - 8 @ R4C6
------------------
9 7 2 0 6 0 5 4 1
6 1 8 7 4 5 9 2 3
4 5 3 2 9 1 6 8 7
5 4 9 0 0 8 7 3 6
8 2 1 6 3 7 4 5 9
7 3 6 0 0 0 2 1 8
2 0 0 0 8 0 0 0 4
0 8 0 9 0 2 0 6 0
0 0 7 0 0 0 8 0 0
------------------
Step 26 - 3 @ R1C6
------------------
9 7 2 0 6 3 5 4 1
6 1 8 7 4 5 9 2 3
4 5 3 2 9 1 6 8 7
5 4 9 0 0 8 7 3 6
8 2 1 6 3 7 4 5 9
7 3 6 0 0 0 2 1 8
2 0 0 0 8 0 0 0 4
0 8 0 9 0 2 0 6 0
0 0 7 0 0 0 8 0 0
------------------
Step 27 - 8 @ R1C4
------------------
9 7 2 8 6 3 5 4 1
6 1 8 7 4 5 9 2 3
4 5 3 2 9 1 6 8 7
5 4 9 0 0 8 7 3 6
8 2 1 6 3 7 4 5 9
7 3 6 0 0 0 2 1 8
2 0 0 0 8 0 0 0 4
0 8 0 9 0 2 0 6 0
0 0 7 0 0 0 8 0 0
------------------
Step 28 - 1 @ R4C4
------------------
9 7 2 8 6 3 5 4 1
6 1 8 7 4 5 9 2 3
4 5 3 2 9 1 6 8 7
5 4 9 1 0 8 7 3 6
8 2 1 6 3 7 4 5 9
7 3 6 0 0 0 2 1 8
2 0 0 0 8 0 0 0 4
0 8 0 9 0 2 0 6 0
0 0 7 0 0 0 8 0 0
------------------
Step 29 - 2 @ R4C5
------------------
9 7 2 8 6 3 5 4 1
6 1 8 7 4 5 9 2 3
4 5 3 2 9 1 6 8 7
5 4 9 1 2 8 7 3 6
8 2 1 6 3 7 4 5 9
7 3 6 0 0 0 2 1 8
2 0 0 0 8 0 0 0 4
0 8 0 9 0 2 0 6 0
0 0 7 0 0 0 8 0 0
------------------
Step 30 - 5 @ R6C5
------------------
9 7 2 8 6 3 5 4 1
6 1 8 7 4 5 9 2 3
4 5 3 2 9 1 6 8 7
5 4 9 1 2 8 7 3 6
8 2 1 6 3 7 4 5 9
7 3 6 0 5 0 2 1 8
2 0 0 0 8 0 0 0 4
0 8 0 9 0 2 0 6 0
0 0 7 0 0 0 8 0 0
------------------
Step 31 - 4 @ R6C4
------------------
9 7 2 8 6 3 5 4 1
6 1 8 7 4 5 9 2 3
4 5 3 2 9 1 6 8 7
5 4 9 1 2 8 7 3 6
8 2 1 6 3 7 4 5 9
7 3 6 4 5 0 2 1 8
2 0 0 0 8 0 0 0 4
0 8 0 9 0 2 0 6 0
0 0 7 0 0 0 8 0 0
------------------
Step 32 - 9 @ R6C6
------------------
9 7 2 8 6 3 5 4 1
6 1 8 7 4 5 9 2 3
4 5 3 2 9 1 6 8 7
5 4 9 1 2 8 7 3 6
8 2 1 6 3 7 4 5 9
7 3 6 4 5 9 2 1 8
2 0 0 0 8 0 0 0 4
0 8 0 9 0 2 0 6 0
0 0 7 0 0 0 8 0 0
------------------
Step 33 - 5 @ R7C3
------------------
9 7 2 8 6 3 5 4 1
6 1 8 7 4 5 9 2 3
4 5 3 2 9 1 6 8 7
5 4 9 1 2 8 7 3 6
8 2 1 6 3 7 4 5 9
7 3 6 4 5 9 2 1 8
2 0 5 0 8 0 0 0 4
0 8 0 9 0 2 0 6 0
0 0 7 0 0 0 8 0 0
------------------
Step 34 - 3 @ R7C4
------------------
9 7 2 8 6 3 5 4 1
6 1 8 7 4 5 9 2 3
4 5 3 2 9 1 6 8 7
5 4 9 1 2 8 7 3 6
8 2 1 6 3 7 4 5 9
7 3 6 4 5 9 2 1 8
2 0 5 3 8 0 0 0 4
0 8 0 9 0 2 0 6 0
0 0 7 0 0 0 8 0 0
------------------
Step 35 - 6 @ R7C6
------------------
9 7 2 8 6 3 5 4 1
6 1 8 7 4 5 9 2 3
4 5 3 2 9 1 6 8 7
5 4 9 1 2 8 7 3 6
8 2 1 6 3 7 4 5 9
7 3 6 4 5 9 2 1 8
2 0 5 3 8 6 0 0 4
0 8 0 9 0 2 0 6 0
0 0 7 0 0 0 8 0 0
------------------
Step 36 - 9 @ R7C2
------------------
9 7 2 8 6 3 5 4 1
6 1 8 7 4 5 9 2 3
4 5 3 2 9 1 6 8 7
5 4 9 1 2 8 7 3 6
8 2 1 6 3 7 4 5 9
7 3 6 4 5 9 2 1 8
2 9 5 3 8 6 0 0 4
0 8 0 9 0 2 0 6 0
0 0 7 0 0 0 8 0 0
------------------
Step 37 - 1 @ R7C7
------------------
9 7 2 8 6 3 5 4 1
6 1 8 7 4 5 9 2 3
4 5 3 2 9 1 6 8 7
5 4 9 1 2 8 7 3 6
8 2 1 6 3 7 4 5 9
7 3 6 4 5 9 2 1 8
2 9 5 3 8 6 1 0 4
0 8 0 9 0 2 0 6 0
0 0 7 0 0 0 8 0 0
------------------
Step 38 - 7 @ R7C8
------------------
9 7 2 8 6 3 5 4 1
6 1 8 7 4 5 9 2 3
4 5 3 2 9 1 6 8 7
5 4 9 1 2 8 7 3 6
8 2 1 6 3 7 4 5 9
7 3 6 4 5 9 2 1 8
2 9 5 3 8 6 1 7 4
0 8 0 9 0 2 0 6 0
0 0 7 0 0 0 8 0 0
------------------
Step 39 - 4 @ R8C3
------------------
9 7 2 8 6 3 5 4 1
6 1 8 7 4 5 9 2 3
4 5 3 2 9 1 6 8 7
5 4 9 1 2 8 7 3 6
8 2 1 6 3 7 4 5 9
7 3 6 4 5 9 2 1 8
2 9 5 3 8 6 1 7 4
0 8 4 9 0 2 0 6 0
0 0 7 0 0 0 8 0 0
------------------
Step 40 - 3 @ R8C7
------------------
9 7 2 8 6 3 5 4 1
6 1 8 7 4 5 9 2 3
4 5 3 2 9 1 6 8 7
5 4 9 1 2 8 7 3 6
8 2 1 6 3 7 4 5 9
7 3 6 4 5 9 2 1 8
2 9 5 3 8 6 1 7 4
0 8 4 9 0 2 3 6 0
0 0 7 0 0 0 8 0 0
------------------
Step 41 - 1 @ R8C1
------------------
9 7 2 8 6 3 5 4 1
6 1 8 7 4 5 9 2 3
4 5 3 2 9 1 6 8 7
5 4 9 1 2 8 7 3 6
8 2 1 6 3 7 4 5 9
7 3 6 4 5 9 2 1 8
2 9 5 3 8 6 1 7 4
1 8 4 9 0 2 3 6 0
0 0 7 0 0 0 8 0 0
------------------
Step 42 - 7 @ R8C5
------------------
9 7 2 8 6 3 5 4 1
6 1 8 7 4 5 9 2 3
4 5 3 2 9 1 6 8 7
5 4 9 1 2 8 7 3 6
8 2 1 6 3 7 4 5 9
7 3 6 4 5 9 2 1 8
2 9 5 3 8 6 1 7 4
1 8 4 9 7 2 3 6 0
0 0 7 0 0 0 8 0 0
------------------
Step 43 - 5 @ R8C9
------------------
9 7 2 8 6 3 5 4 1
6 1 8 7 4 5 9 2 3
4 5 3 2 9 1 6 8 7
5 4 9 1 2 8 7 3 6
8 2 1 6 3 7 4 5 9
7 3 6 4 5 9 2 1 8
2 9 5 3 8 6 1 7 4
1 8 4 9 7 2 3 6 5
0 0 7 0 0 0 8 0 0
------------------
Step 44 - 3 @ R9C1
------------------
9 7 2 8 6 3 5 4 1
6 1 8 7 4 5 9 2 3
4 5 3 2 9 1 6 8 7
5 4 9 1 2 8 7 3 6
8 2 1 6 3 7 4 5 9
7 3 6 4 5 9 2 1 8
2 9 5 3 8 6 1 7 4
1 8 4 9 7 2 3 6 5
3 0 7 0 0 0 8 0 0
------------------
Step 45 - 6 @ R9C2
------------------
9 7 2 8 6 3 5 4 1
6 1 8 7 4 5 9 2 3
4 5 3 2 9 1 6 8 7
5 4 9 1 2 8 7 3 6
8 2 1 6 3 7 4 5 9
7 3 6 4 5 9 2 1 8
2 9 5 3 8 6 1 7 4
1 8 4 9 7 2 3 6 5
3 6 7 0 0 0 8 0 0
------------------
Step 46 - 5 @ R9C4
------------------
9 7 2 8 6 3 5 4 1
6 1 8 7 4 5 9 2 3
4 5 3 2 9 1 6 8 7
5 4 9 1 2 8 7 3 6
8 2 1 6 3 7 4 5 9
7 3 6 4 5 9 2 1 8
2 9 5 3 8 6 1 7 4
1 8 4 9 7 2 3 6 5
3 6 7 5 0 0 8 0 0
------------------
Step 47 - 1 @ R9C5
------------------
9 7 2 8 6 3 5 4 1
6 1 8 7 4 5 9 2 3
4 5 3 2 9 1 6 8 7
5 4 9 1 2 8 7 3 6
8 2 1 6 3 7 4 5 9
7 3 6 4 5 9 2 1 8
2 9 5 3 8 6 1 7 4
1 8 4 9 7 2 3 6 5
3 6 7 5 1 0 8 0 0
------------------
Step 48 - 4 @ R9C6
------------------
9 7 2 8 6 3 5 4 1
6 1 8 7 4 5 9 2 3
4 5 3 2 9 1 6 8 7
5 4 9 1 2 8 7 3 6
8 2 1 6 3 7 4 5 9
7 3 6 4 5 9 2 1 8
2 9 5 3 8 6 1 7 4
1 8 4 9 7 2 3 6 5
3 6 7 5 1 4 8 0 0
------------------
Step 49 - 9 @ R9C8
------------------
9 7 2 8 6 3 5 4 1
6 1 8 7 4 5 9 2 3
4 5 3 2 9 1 6 8 7
5 4 9 1 2 8 7 3 6
8 2 1 6 3 7 4 5 9
7 3 6 4 5 9 2 1 8
2 9 5 3 8 6 1 7 4
1 8 4 9 7 2 3 6 5
3 6 7 5 1 4 8 9 0
------------------
Step 50 - 2 @ R9C9
------------------
9 7 2 8 6 3 5 4 1
6 1 8 7 4 5 9 2 3
4 5 3 2 9 1 6 8 7
5 4 9 1 2 8 7 3 6
8 2 1 6 3 7 4 5 9
7 3 6 4 5 9 2 1 8
2 9 5 3 8 6 1 7 4
1 8 4 9 7 2 3 6 5
3 6 7 5 1 4 8 9 2
------------------