------------------
Step 1 - 4 @ R2C5
------------------
0 5 0 0 1 0 0 4 0
1 0 7 0 4 0 6 0 2
0 0 0 9 0 5 0 0 0
2 0 8 0 3 0 5 0 1
0 4 0 0 7 0 0 2 0
9 0 1 0 8 0 4 0 6
0 0 0 4 0 1 0 0 0
3 0 4 0 0 0 7 0 9
0 2 0 0 6 0 0 1 0
------------------
Step 2 - 2 @ R3C5
------------------
0 5 0 0 1 0 0 4 0
1 0 7 0 4 0 6 0 2
0 0 0 9 2 5 0 0 0
2 0 8 0 3 0 5 0 1
0 4 0 0 7 0 0 2 0
9 0 1 0 8 0 4 0 6
0 0 0 4 0 1 0 0 0
3 0 4 0 0 0 7 0 9
0 2 0 0 6 0 0 1 0
------------------
Step 3 - 6 @ R4C4
------------------
0 5 0 0 1 0 0 4 0
1 0 7 0 4 0 6 0 2
0 0 0 9 2 5 0 0 0
2 0 8 6 3 0 5 0 1
0 4 0 0 7 0 0 2 0
9 0 1 0 8 0 4 0 6
0 0 0 4 0 1 0 0 0
3 0 4 0 0 0 7 0 9
0 2 0 0 6 0 0 1 0
------------------
Step 4 - 7 @ R4C2
------------------
0 5 0 0 1 0 0 4 0
1 0 7 0 4 0 6 0 2
0 0 0 9 2 5 0 0 0
2 7 8 6 3 0 5 0 1
0 4 0 0 7 0 0 2 0
9 0 1 0 8 0 4 0 6
0 0 0 4 0 1 0 0 0
3 0 4 0 0 0 7 0 9
0 2 0 0 6 0 0 1 0
------------------
Step 5 - 9 @ R4C8
------------------
0 5 0 0 1 0 0 4 0
1 0 7 0 4 0 6 0 2
0 0 0 9 2 5 0 0 0
2 7 8 6 3 0 5 9 1
0 4 0 0 7 0 0 2 0
9 0 1 0 8 0 4 0 6
0 0 0 4 0 1 0 0 0
3 0 4 0 0 0 7 0 9
0 2 0 0 6 0 0 1 0
------------------
Step 6 - 4 @ R4C6
------------------
0 5 0 0 1 0 0 4 0
1 0 7 0 4 0 6 0 2
0 0 0 9 2 5 0 0 0
2 7 8 6 3 4 5 9 1
0 4 0 0 7 0 0 2 0
9 0 1 0 8 0 4 0 6
0 0 0 4 0 1 0 0 0
3 0 4 0 0 0 7 0 9
0 2 0 0 6 0 0 1 0
------------------
Step 7 - 9 @ R5C6
------------------
0 5 0 0 1 0 0 4 0
1 0 7 0 4 0 6 0 2
0 0 0 9 2 5 0 0 0
2 7 8 6 3 4 5 9 1
0 4 0 0 7 9 0 2 0
9 0 1 0 8 0 4 0 6
0 0 0 4 0 1 0 0 0
3 0 4 0 0 0 7 0 9
0 2 0 0 6 0 0 1 0
------------------
Step 8 - 3 @ R6C2
------------------
0 5 0 0 1 0 0 4 0
1 0 7 0 4 0 6 0 2
0 0 0 9 2 5 0 0 0
2 7 8 6 3 4 5 9 1
0 4 0 0 7 9 0 2 0
9 3 1 0 8 0 4 0 6
0 0 0 4 0 1 0 0 0
3 0 4 0 0 0 7 0 9
0 2 0 0 6 0 0 1 0
------------------
Step 9 - 2 @ R6C6
------------------
0 5 0 0 1 0 0 4 0
1 0 7 0 4 0 6 0 2
0 0 0 9 2 5 0 0 0
2 7 8 6 3 4 5 9 1
0 4 0 0 7 9 0 2 0
9 3 1 0 8 2 4 0 6
0 0 0 4 0 1 0 0 0
3 0 4 0 0 0 7 0 9
0 2 0 0 6 0 0 1 0
------------------
Step 10 - 5 @ R6C4
------------------
0 5 0 0 1 0 0 4 0
1 0 7 0 4 0 6 0 2
0 0 0 9 2 5 0 0 0
2 7 8 6 3 4 5 9 1
0 4 0 0 7 9 0 2 0
9 3 1 5 8 2 4 0 6
0 0 0 4 0 1 0 0 0
3 0 4 0 0 0 7 0 9
0 2 0 0 6 0 0 1 0
------------------
Step 11 - 1 @ R5C4
------------------
0 5 0 0 1 0 0 4 0
1 0 7 0 4 0 6 0 2
0 0 0 9 2 5 0 0 0
2 7 8 6 3 4 5 9 1
0 4 0 1 7 9 0 2 0
9 3 1 5 8 2 4 0 6
0 0 0 4 0 1 0 0 0
3 0 4 0 0 0 7 0 9
0 2 0 0 6 0 0 1 0
------------------
Step 12 - 7 @ R6C8
------------------
0 5 0 0 1 0 0 4 0
1 0 7 0 4 0 6 0 2
0 0 0 9 2 5 0 0 0
2 7 8 6 3 4 5 9 1
0 4 0 1 7 9 0 2 0
9 3 1 5 8 2 4 7 6
0 0 0 4 0 1 0 0 0
3 0 4 0 0 0 7 0 9
0 2 0 0 6 0 0 1 0
------------------
Step 13 - 5 @ R8C5
------------------
0 5 0 0 1 0 0 4 0
1 0 7 0 4 0 6 0 2
0 0 0 9 2 5 0 0 0
2 7 8 6 3 4 5 9 1
0 4 0 1 7 9 0 2 0
9 3 1 5 8 2 4 7 6
0 0 0 4 0 1 0 0 0
3 0 4 0 5 0 7 0 9
0 2 0 0 6 0 0 1 0
------------------
Step 14 - 9 @ R7C5
------------------
0 5 0 0 1 0 0 4 0
1 0 7 0 4 0 6 0 2
0 0 0 9 2 5 0 0 0
2 7 8 6 3 4 5 9 1
0 4 0 1 7 9 0 2 0
9 3 1 5 8 2 4 7 6
0 0 0 4 9 1 0 0 0
3 0 4 0 5 0 7 0 9
0 2 0 0 6 0 0 1 0
------------------
Step 15 - 8 @ R8C6
------------------
0 5 0 0 1 0 0 4 0
1 0 7 0 4 0 6 0 2
0 0 0 9 2 5 0 0 0
2 7 8 6 3 4 5 9 1
0 4 0 1 7 9 0 2 0
9 3 1 5 8 2 4 7 6
0 0 0 4 9 1 0 0 0
3 0 4 0 5 8 7 0 9
0 2 0 0 6 0 0 1 0
------------------
Step 16 - 3 @ R2C6
------------------
0 5 0 0 1 0 0 4 0
1 0 7 0 4 3 6 0 2
0 0 0 9 2 5 0 0 0
2 7 8 6 3 4 5 9 1
0 4 0 1 7 9 0 2 0
9 3 1 5 8 2 4 7 6
0 0 0 4 9 1 0 0 0
3 0 4 0 5 8 7 0 9
0 2 0 0 6 0 0 1 0
------------------
Step 17 - 8 @ R2C4
------------------
0 5 0 0 1 0 0 4 0
1 0 7 8 4 3 6 0 2
0 0 0 9 2 5 0 0 0
2 7 8 6 3 4 5 9 1
0 4 0 1 7 9 0 2 0
9 3 1 5 8 2 4 7 6
0 0 0 4 9 1 0 0 0
3 0 4 0 5 8 7 0 9
0 2 0 0 6 0 0 1 0
------------------
Step 18 - 7 @ R1C4
------------------
0 5 0 7 1 0 0 4 0
1 0 7 8 4 3 6 0 2
0 0 0 9 2 5 0 0 0
2 7 8 6 3 4 5 9 1
0 4 0 1 7 9 0 2 0
9 3 1 5 8 2 4 7 6
0 0 0 4 9 1 0 0 0
3 0 4 0 5 8 7 0 9
0 2 0 0 6 0 0 1 0
------------------
Step 19 - 6 @ R1C6
------------------
0 5 0 7 1 6 0 4 0
1 0 7 8 4 3 6 0 2
0 0 0 9 2 5 0 0 0
2 7 8 6 3 4 5 9 1
0 4 0 1 7 9 0 2 0
9 3 1 5 8 2 4 7 6
0 0 0 4 9 1 0 0 0
3 0 4 0 5 8 7 0 9
0 2 0 0 6 0 0 1 0
------------------
Step 20 - 8 @ R1C1
------------------
8 5 0 7 1 6 0 4 0
1 0 7 8 4 3 6 0 2
0 0 0 9 2 5 0 0 0
2 7 8 6 3 4 5 9 1
0 4 0 1 7 9 0 2 0
9 3 1 5 8 2 4 7 6
0 0 0 4 9 1 0 0 0
3 0 4 0 5 8 7 0 9
0 2 0 0 6 0 0 1 0
------------------
Step 21 - 3 @ R1C9
------------------
8 5 0 7 1 6 0 4 3
1 0 7 8 4 3 6 0 2
0 0 0 9 2 5 0 0 0
2 7 8 6 3 4 5 9 1
0 4 0 1 7 9 0 2 0
9 3 1 5 8 2 4 7 6
0 0 0 4 9 1 0 0 0
3 0 4 0 5 8 7 0 9
0 2 0 0 6 0 0 1 0
------------------
Step 22 - 9 @ R1C7
------------------
8 5 0 7 1 6 9 4 3
1 0 7 8 4 3 6 0 2
0 0 0 9 2 5 0 0 0
2 7 8 6 3 4 5 9 1
0 4 0 1 7 9 0 2 0
9 3 1 5 8 2 4 7 6
0 0 0 4 9 1 0 0 0
3 0 4 0 5 8 7 0 9
0 2 0 0 6 0 0 1 0
------------------
Step 23 - 2 @ R1C3
------------------
8 5 2 7 1 6 9 4 3
1 0 7 8 4 3 6 0 2
0 0 0 9 2 5 0 0 0
2 7 8 6 3 4 5 9 1
0 4 0 1 7 9 0 2 0
9 3 1 5 8 2 4 7 6
0 0 0 4 9 1 0 0 0
3 0 4 0 5 8 7 0 9
0 2 0 0 6 0 0 1 0
------------------
Step 24 - 9 @ R2C2
------------------
8 5 2 7 1 6 9 4 3
1 9 7 8 4 3 6 0 2
0 0 0 9 2 5 0 0 0
2 7 8 6 3 4 5 9 1
0 4 0 1 7 9 0 2 0
9 3 1 5 8 2 4 7 6
0 0 0 4 9 1 0 0 0
3 0 4 0 5 8 7 0 9
0 2 0 0 6 0 0 1 0
------------------
Step 25 - 5 @ R2C8
------------------
8 5 2 7 1 6 9 4 3
1 9 7 8 4 3 6 5 2
0 0 0 9 2 5 0 0 0
2 7 8 6 3 4 5 9 1
0 4 0 1 7 9 0 2 0
9 3 1 5 8 2 4 7 6
0 0 0 4 9 1 0 0 0
3 0 4 0 5 8 7 0 9
0 2 0 0 6 0 0 1 0
------------------
Step 26 - 6 @ R3C2
------------------
8 5 2 7 1 6 9 4 3
1 9 7 8 4 3 6 5 2
0 6 0 9 2 5 0 0 0
2 7 8 6 3 4 5 9 1
0 4 0 1 7 9 0 2 0
9 3 1 5 8 2 4 7 6
0 0 0 4 9 1 0 0 0
3 0 4 0 5 8 7 0 9
0 2 0 0 6 0 0 1 0
------------------
Step 27 - 4 @ R3C1
------------------
8 5 2 7 1 6 9 4 3
1 9 7 8 4 3 6 5 2
4 6 0 9 2 5 0 0 0
2 7 8 6 3 4 5 9 1
0 4 0 1 7 9 0 2 0
9 3 1 5 8 2 4 7 6
0 0 0 4 9 1 0 0 0
3 0 4 0 5 8 7 0 9
0 2 0 0 6 0 0 1 0
------------------
Step 28 - 3 @ R3C3
------------------
8 5 2 7 1 6 9 4 3
1 9 7 8 4 3 6 5 2
4 6 3 9 2 5 0 0 0
2 7 8 6 3 4 5 9 1
0 4 0 1 7 9 0 2 0
9 3 1 5 8 2 4 7 6
0 0 0 4 9 1 0 0 0
3 0 4 0 5 8 7 0 9
0 2 0 0 6 0 0 1 0
------------------
Step 29 - 8 @ R3C8
------------------
8 5 2 7 1 6 9 4 3
1 9 7 8 4 3 6 5 2
4 6 3 9 2 5 0 8 0
2 7 8 6 3 4 5 9 1
0 4 0 1 7 9 0 2 0
9 3 1 5 8 2 4 7 6
0 0 0 4 9 1 0 0 0
3 0 4 0 5 8 7 0 9
0 2 0 0 6 0 0 1 0
------------------
Step 30 - 1 @ R3C7
------------------
8 5 2 7 1 6 9 4 3
1 9 7 8 4 3 6 5 2
4 6 3 9 2 5 1 8 0
2 7 8 6 3 4 5 9 1
0 4 0 1 7 9 0 2 0
9 3 1 5 8 2 4 7 6
0 0 0 4 9 1 0 0 0
3 0 4 0 5 8 7 0 9
0 2 0 0 6 0 0 1 0
------------------
Step 31 - 7 @ R3C9
------------------
8 5 2 7 1 6 9 4 3
1 9 7 8 4 3 6 5 2
4 6 3 9 2 5 1 8 7
2 7 8 6 3 4 5 9 1
0 4 0 1 7 9 0 2 0
9 3 1 5 8 2 4 7 6
0 0 0 4 9 1 0 0 0
3 0 4 0 5 8 7 0 9
0 2 0 0 6 0 0 1 0
------------------
Step 32 - 8 @ R5C9
------------------
8 5 2 7 1 6 9 4 3
1 9 7 8 4 3 6 5 2
4 6 3 9 2 5 1 8 7
2 7 8 6 3 4 5 9 1
0 4 0 1 7 9 0 2 8
9 3 1 5 8 2 4 7 6
0 0 0 4 9 1 0 0 0
3 0 4 0 5 8 7 0 9
0 2 0 0 6 0 0 1 0
------------------
Step 33 - 3 @ R5C7
------------------
8 5 2 7 1 6 9 4 3
1 9 7 8 4 3 6 5 2
4 6 3 9 2 5 1 8 7
2 7 8 6 3 4 5 9 1
0 4 0 1 7 9 3 2 8
9 3 1 5 8 2 4 7 6
0 0 0 4 9 1 0 0 0
3 0 4 0 5 8 7 0 9
0 2 0 0 6 0 0 1 0
------------------
Step 34 - 8 @ R7C2
------------------
8 5 2 7 1 6 9 4 3
1 9 7 8 4 3 6 5 2
4 6 3 9 2 5 1 8 7
2 7 8 6 3 4 5 9 1
0 4 0 1 7 9 3 2 8
9 3 1 5 8 2 4 7 6
0 8 0 4 9 1 0 0 0
3 0 4 0 5 8 7 0 9
0 2 0 0 6 0 0 1 0
------------------
Step 35 - 2 @ R7C7
------------------
8 5 2 7 1 6 9 4 3
1 9 7 8 4 3 6 5 2
4 6 3 9 2 5 1 8 7
2 7 8 6 3 4 5 9 1
0 4 0 1 7 9 3 2 8
9 3 1 5 8 2 4 7 6
0 8 0 4 9 1 2 0 0
3 0 4 0 5 8 7 0 9
0 2 0 0 6 0 0 1 0
------------------
Step 36 - 5 @ R7C9
------------------
8 5 2 7 1 6 9 4 3
1 9 7 8 4 3 6 5 2
4 6 3 9 2 5 1 8 7
2 7 8 6 3 4 5 9 1
0 4 0 1 7 9 3 2 8
9 3 1 5 8 2 4 7 6
0 8 0 4 9 1 2 0 5
3 0 4 0 5 8 7 0 9
0 2 0 0 6 0 0 1 0
------------------
Step 37 - 6 @ R7C3
------------------
8 5 2 7 1 6 9 4 3
1 9 7 8 4 3 6 5 2
4 6 3 9 2 5 1 8 7
2 7 8 6 3 4 5 9 1
0 4 0 1 7 9 3 2 8
9 3 1 5 8 2 4 7 6
0 8 6 4 9 1 2 0 5
3 0 4 0 5 8 7 0 9
0 2 0 0 6 0 0 1 0
------------------
Step 38 - 5 @ R5C3
------------------
8 5 2 7 1 6 9 4 3
1 9 7 8 4 3 6 5 2
4 6 3 9 2 5 1 8 7
2 7 8 6 3 4 5 9 1
0 4 5 1 7 9 3 2 8
9 3 1 5 8 2 4 7 6
0 8 6 4 9 1 2 0 5
3 0 4 0 5 8 7 0 9
0 2 0 0 6 0 0 1 0
------------------
Step 39 - 6 @ R5C1
------------------
8 5 2 7 1 6 9 4 3
1 9 7 8 4 3 6 5 2
4 6 3 9 2 5 1 8 7
2 7 8 6 3 4 5 9 1
6 4 5 1 7 9 3 2 8
9 3 1 5 8 2 4 7 6
0 8 6 4 9 1 2 0 5
3 0 4 0 5 8 7 0 9
0 2 0 0 6 0 0 1 0
------------------
Step 40 - 7 @ R7C1
------------------
8 5 2 7 1 6 9 4 3
1 9 7 8 4 3 6 5 2
4 6 3 9 2 5 1 8 7
2 7 8 6 3 4 5 9 1
6 4 5 1 7 9 3 2 8
9 3 1 5 8 2 4 7 6
7 8 6 4 9 1 2 0 5
3 0 4 0 5 8 7 0 9
0 2 0 0 6 0 0 1 0
------------------
Step 41 - 3 @ R7C8
------------------
8 5 2 7 1 6 9 4 3
1 9 7 8 4 3 6 5 2
4 6 3 9 2 5 1 8 7
2 7 8 6 3 4 5 9 1
6 4 5 1 7 9 3 2 8
9 3 1 5 8 2 4 7 6
7 8 6 4 9 1 2 3 5
3 0 4 0 5 8 7 0 9
0 2 0 0 6 0 0 1 0
------------------
Step 42 - 1 @ R8C2
------------------
8 5 2 7 1 6 9 4 3
1 9 7 8 4 3 6 5 2
4 6 3 9 2 5 1 8 7
2 7 8 6 3 4 5 9 1
6 4 5 1 7 9 3 2 8
9 3 1 5 8 2 4 7 6
7 8 6 4 9 1 2 3 5
3 1 4 0 5 8 7 0 9
0 2 0 0 6 0 0 1 0
------------------
Step 43 - 2 @ R8C4
------------------
8 5 2 7 1 6 9 4 3
1 9 7 8 4 3 6 5 2
4 6 3 9 2 5 1 8 7
2 7 8 6 3 4 5 9 1
6 4 5 1 7 9 3 2 8
9 3 1 5 8 2 4 7 6
7 8 6 4 9 1 2 3 5
3 1 4 2 5 8 7 0 9
0 2 0 0 6 0 0 1 0
------------------
Step 44 - 6 @ R8C8
------------------
8 5 2 7 1 6 9 4 3
1 9 7 8 4 3 6 5 2
4 6 3 9 2 5 1 8 7
2 7 8 6 3 4 5 9 1
6 4 5 1 7 9 3 2 8
9 3 1 5 8 2 4 7 6
7 8 6 4 9 1 2 3 5
3 1 4 2 5 8 7 6 9
0 2 0 0 6 0 0 1 0
------------------
Step 45 - 5 @ R9C1
------------------
8 5 2 7 1 6 9 4 3
1 9 7 8 4 3 6 5 2
4 6 3 9 2 5 1 8 7
2 7 8 6 3 4 5 9 1
6 4 5 1 7 9 3 2 8
9 3 1 5 8 2 4 7 6
7 8 6 4 9 1 2 3 5
3 1 4 2 5 8 7 6 9
5 2 0 0 6 0 0 1 0
------------------
Step 46 - 9 @ R9C3
------------------
8 5 2 7 1 6 9 4 3
1 9 7 8 4 3 6 5 2
4 6 3 9 2 5 1 8 7
2 7 8 6 3 4 5 9 1
6 4 5 1 7 9 3 2 8
9 3 1 5 8 2 4 7 6
7 8 6 4 9 1 2 3 5
3 1 4 2 5 8 7 6 9
5 2 9 0 6 0 0 1 0
------------------
Step 47 - 3 @ R9C4
------------------
8 5 2 7 1 6 9 4 3
1 9 7 8 4 3 6 5 2
4 6 3 9 2 5 1 8 7
2 7 8 6 3 4 5 9 1
6 4 5 1 7 9 3 2 8
9 3 1 5 8 2 4 7 6
7 8 6 4 9 1 2 3 5
3 1 4 2 5 8 7 6 9
5 2 9 3 6 0 0 1 0
------------------
Step 48 - 7 @ R9C6
------------------
8 5 2 7 1 6 9 4 3
1 9 7 8 4 3 6 5 2
4 6 3 9 2 5 1 8 7
2 7 8 6 3 4 5 9 1
6 4 5 1 7 9 3 2 8
9 3 1 5 8 2 4 7 6
7 8 6 4 9 1 2 3 5
3 1 4 2 5 8 7 6 9
5 2 9 3 6 7 0 1 0
------------------
Step 49 - 8 @ R9C7
------------------
8 5 2 7 1 6 9 4 3
1 9 7 8 4 3 6 5 2
4 6 3 9 2 5 1 8 7
2 7 8 6 3 4 5 9 1
6 4 5 1 7 9 3 2 8
9 3 1 5 8 2 4 7 6
7 8 6 4 9 1 2 3 5
3 1 4 2 5 8 7 6 9
5 2 9 3 6 7 8 1 0
------------------
Step 50 - 4 @ R9C9
------------------
8 5 2 7 1 6 9 4 3
1 9 7 8 4 3 6 5 2
4 6 3 9 2 5 1 8 7
2 7 8 6 3 4 5 9 1
6 4 5 1 7 9 3 2 8
9 3 1 5 8 2 4 7 6
7 8 6 4 9 1 2 3 5
3 1 4 2 5 8 7 6 9
5 2 9 3 6 7 8 1 4
------------------