------------------
Step 1 - 5 @ R4C1
------------------
0 0 0 6 0 2 0 0 0
4 0 0 0 5 0 0 0 1
0 8 5 0 1 0 6 2 0
5 3 8 2 0 6 7 1 0
0 0 0 0 0 0 0 0 0
0 1 9 4 0 7 3 5 0
0 2 6 0 4 0 5 3 0
9 0 0 0 2 0 0 0 7
0 0 0 8 0 9 0 0 0
------------------
Step 2 - 9 @ R4C5
------------------
0 0 0 6 0 2 0 0 0
4 0 0 0 5 0 0 0 1
0 8 5 0 1 0 6 2 0
5 3 8 2 9 6 7 1 0
0 0 0 0 0 0 0 0 0
0 1 9 4 0 7 3 5 0
0 2 6 0 4 0 5 3 0
9 0 0 0 2 0 0 0 7
0 0 0 8 0 9 0 0 0
------------------
Step 3 - 4 @ R4C9
------------------
0 0 0 6 0 2 0 0 0
4 0 0 0 5 0 0 0 1
0 8 5 0 1 0 6 2 0
5 3 8 2 9 6 7 1 4
0 0 0 0 0 0 0 0 0
0 1 9 4 0 7 3 5 0
0 2 6 0 4 0 5 3 0
9 0 0 0 2 0 0 0 7
0 0 0 8 0 9 0 0 0
------------------
Step 4 - 8 @ R6C5
------------------
0 0 0 6 0 2 0 0 0
4 0 0 0 5 0 0 0 1
0 8 5 0 1 0 6 2 0
5 3 8 2 9 6 7 1 4
0 0 0 0 0 0 0 0 0
0 1 9 4 8 7 3 5 0
0 2 6 0 4 0 5 3 0
9 0 0 0 2 0 0 0 7
0 0 0 8 0 9 0 0 0
------------------
Step 5 - 3 @ R5C5
------------------
0 0 0 6 0 2 0 0 0
4 0 0 0 5 0 0 0 1
0 8 5 0 1 0 6 2 0
5 3 8 2 9 6 7 1 4
0 0 0 0 3 0 0 0 0
0 1 9 4 8 7 3 5 0
0 2 6 0 4 0 5 3 0
9 0 0 0 2 0 0 0 7
0 0 0 8 0 9 0 0 0
------------------
Step 6 - 7 @ R1C5
------------------
0 0 0 6 7 2 0 0 0
4 0 0 0 5 0 0 0 1
0 8 5 0 1 0 6 2 0
5 3 8 2 9 6 7 1 4
0 0 0 0 3 0 0 0 0
0 1 9 4 8 7 3 5 0
0 2 6 0 4 0 5 3 0
9 0 0 0 2 0 0 0 7
0 0 0 8 0 9 0 0 0
------------------
Step 7 - 9 @ R1C2
------------------
0 9 0 6 7 2 0 0 0
4 0 0 0 5 0 0 0 1
0 8 5 0 1 0 6 2 0
5 3 8 2 9 6 7 1 4
0 0 0 0 3 0 0 0 0
0 1 9 4 8 7 3 5 0
0 2 6 0 4 0 5 3 0
9 0 0 0 2 0 0 0 7
0 0 0 8 0 9 0 0 0
------------------
Step 8 - 1 @ R7C6
------------------
0 9 0 6 7 2 0 0 0
4 0 0 0 5 0 0 0 1
0 8 5 0 1 0 6 2 0
5 3 8 2 9 6 7 1 4
0 0 0 0 3 0 0 0 0
0 1 9 4 8 7 3 5 0
0 2 6 0 4 1 5 3 0
9 0 0 0 2 0 0 0 7
0 0 0 8 0 9 0 0 0
------------------
Step 9 - 5 @ R5C6
------------------
0 9 0 6 7 2 0 0 0
4 0 0 0 5 0 0 0 1
0 8 5 0 1 0 6 2 0
5 3 8 2 9 6 7 1 4
0 0 0 0 3 5 0 0 0
0 1 9 4 8 7 3 5 0
0 2 6 0 4 1 5 3 0
9 0 0 0 2 0 0 0 7
0 0 0 8 0 9 0 0 0
------------------
Step 10 - 1 @ R5C4
------------------
0 9 0 6 7 2 0 0 0
4 0 0 0 5 0 0 0 1
0 8 5 0 1 0 6 2 0
5 3 8 2 9 6 7 1 4
0 0 0 1 3 5 0 0 0
0 1 9 4 8 7 3 5 0
0 2 6 0 4 1 5 3 0
9 0 0 0 2 0 0 0 7
0 0 0 8 0 9 0 0 0
------------------
Step 11 - 7 @ R7C4
------------------
0 9 0 6 7 2 0 0 0
4 0 0 0 5 0 0 0 1
0 8 5 0 1 0 6 2 0
5 3 8 2 9 6 7 1 4
0 0 0 1 3 5 0 0 0
0 1 9 4 8 7 3 5 0
0 2 6 7 4 1 5 3 0
9 0 0 0 2 0 0 0 7
0 0 0 8 0 9 0 0 0
------------------
Step 12 - 8 @ R7C1
------------------
0 9 0 6 7 2 0 0 0
4 0 0 0 5 0 0 0 1
0 8 5 0 1 0 6 2 0
5 3 8 2 9 6 7 1 4
0 0 0 1 3 5 0 0 0
0 1 9 4 8 7 3 5 0
8 2 6 7 4 1 5 3 0
9 0 0 0 2 0 0 0 7
0 0 0 8 0 9 0 0 0
------------------
Step 13 - 9 @ R7C9
------------------
0 9 0 6 7 2 0 0 0
4 0 0 0 5 0 0 0 1
0 8 5 0 1 0 6 2 0
5 3 8 2 9 6 7 1 4
0 0 0 1 3 5 0 0 0
0 1 9 4 8 7 3 5 0
8 2 6 7 4 1 5 3 9
9 0 0 0 2 0 0 0 7
0 0 0 8 0 9 0 0 0
------------------
Step 14 - 3 @ R3C9
------------------
0 9 0 6 7 2 0 0 0
4 0 0 0 5 0 0 0 1
0 8 5 0 1 0 6 2 3
5 3 8 2 9 6 7 1 4
0 0 0 1 3 5 0 0 0
0 1 9 4 8 7 3 5 0
8 2 6 7 4 1 5 3 9
9 0 0 0 2 0 0 0 7
0 0 0 8 0 9 0 0 0
------------------
Step 15 - 7 @ R3C1
------------------
0 9 0 6 7 2 0 0 0
4 0 0 0 5 0 0 0 1
7 8 5 0 1 0 6 2 3
5 3 8 2 9 6 7 1 4
0 0 0 1 3 5 0 0 0
0 1 9 4 8 7 3 5 0
8 2 6 7 4 1 5 3 9
9 0 0 0 2 0 0 0 7
0 0 0 8 0 9 0 0 0
------------------
Step 16 - 6 @ R2C2
------------------
0 9 0 6 7 2 0 0 0
4 6 0 0 5 0 0 0 1
7 8 5 0 1 0 6 2 3
5 3 8 2 9 6 7 1 4
0 0 0 1 3 5 0 0 0
0 1 9 4 8 7 3 5 0
8 2 6 7 4 1 5 3 9
9 0 0 0 2 0 0 0 7
0 0 0 8 0 9 0 0 0
------------------
Step 17 - 9 @ R3C4
------------------
0 9 0 6 7 2 0 0 0
4 6 0 0 5 0 0 0 1
7 8 5 9 1 0 6 2 3
5 3 8 2 9 6 7 1 4
0 0 0 1 3 5 0 0 0
0 1 9 4 8 7 3 5 0
8 2 6 7 4 1 5 3 9
9 0 0 0 2 0 0 0 7
0 0 0 8 0 9 0 0 0
------------------
Step 18 - 3 @ R2C4
------------------
0 9 0 6 7 2 0 0 0
4 6 0 3 5 0 0 0 1
7 8 5 9 1 0 6 2 3
5 3 8 2 9 6 7 1 4
0 0 0 1 3 5 0 0 0
0 1 9 4 8 7 3 5 0
8 2 6 7 4 1 5 3 9
9 0 0 0 2 0 0 0 7
0 0 0 8 0 9 0 0 0
------------------
Step 19 - 2 @ R2C3
------------------
0 9 0 6 7 2 0 0 0
4 6 2 3 5 0 0 0 1
7 8 5 9 1 0 6 2 3
5 3 8 2 9 6 7 1 4
0 0 0 1 3 5 0 0 0
0 1 9 4 8 7 3 5 0
8 2 6 7 4 1 5 3 9
9 0 0 0 2 0 0 0 7
0 0 0 8 0 9 0 0 0
------------------
Step 20 - 8 @ R2C6
------------------
0 9 0 6 7 2 0 0 0
4 6 2 3 5 8 0 0 1
7 8 5 9 1 0 6 2 3
5 3 8 2 9 6 7 1 4
0 0 0 1 3 5 0 0 0
0 1 9 4 8 7 3 5 0
8 2 6 7 4 1 5 3 9
9 0 0 0 2 0 0 0 7
0 0 0 8 0 9 0 0 0
------------------
Step 21 - 9 @ R2C7
------------------
0 9 0 6 7 2 0 0 0
4 6 2 3 5 8 9 0 1
7 8 5 9 1 0 6 2 3
5 3 8 2 9 6 7 1 4
0 0 0 1 3 5 0 0 0
0 1 9 4 8 7 3 5 0
8 2 6 7 4 1 5 3 9
9 0 0 0 2 0 0 0 7
0 0 0 8 0 9 0 0 0
------------------
Step 22 - 7 @ R2C8
------------------
0 9 0 6 7 2 0 0 0
4 6 2 3 5 8 9 7 1
7 8 5 9 1 0 6 2 3
5 3 8 2 9 6 7 1 4
0 0 0 1 3 5 0 0 0
0 1 9 4 8 7 3 5 0
8 2 6 7 4 1 5 3 9
9 0 0 0 2 0 0 0 7
0 0 0 8 0 9 0 0 0
------------------
Step 23 - 4 @ R3C6
------------------
0 9 0 6 7 2 0 0 0
4 6 2 3 5 8 9 7 1
7 8 5 9 1 4 6 2 3
5 3 8 2 9 6 7 1 4
0 0 0 1 3 5 0 0 0
0 1 9 4 8 7 3 5 0
8 2 6 7 4 1 5 3 9
9 0 0 0 2 0 0 0 7
0 0 0 8 0 9 0 0 0
------------------
Step 24 - 5 @ R8C4
------------------
0 9 0 6 7 2 0 0 0
4 6 2 3 5 8 9 7 1
7 8 5 9 1 4 6 2 3
5 3 8 2 9 6 7 1 4
0 0 0 1 3 5 0 0 0
0 1 9 4 8 7 3 5 0
8 2 6 7 4 1 5 3 9
9 0 0 5 2 0 0 0 7
0 0 0 8 0 9 0 0 0
------------------
Step 25 - 4 @ R8C2
------------------
0 9 0 6 7 2 0 0 0
4 6 2 3 5 8 9 7 1
7 8 5 9 1 4 6 2 3
5 3 8 2 9 6 7 1 4
0 0 0 1 3 5 0 0 0
0 1 9 4 8 7 3 5 0
8 2 6 7 4 1 5 3 9
9 4 0 5 2 0 0 0 7
0 0 0 8 0 9 0 0 0
------------------
Step 26 - 7 @ R5C2
------------------
0 9 0 6 7 2 0 0 0
4 6 2 3 5 8 9 7 1
7 8 5 9 1 4 6 2 3
5 3 8 2 9 6 7 1 4
0 7 0 1 3 5 0 0 0
0 1 9 4 8 7 3 5 0
8 2 6 7 4 1 5 3 9
9 4 0 5 2 0 0 0 7
0 0 0 8 0 9 0 0 0
------------------
Step 27 - 4 @ R5C3
------------------
0 9 0 6 7 2 0 0 0
4 6 2 3 5 8 9 7 1
7 8 5 9 1 4 6 2 3
5 3 8 2 9 6 7 1 4
0 7 4 1 3 5 0 0 0
0 1 9 4 8 7 3 5 0
8 2 6 7 4 1 5 3 9
9 4 0 5 2 0 0 0 7
0 0 0 8 0 9 0 0 0
------------------
Step 28 - 3 @ R8C6
------------------
0 9 0 6 7 2 0 0 0
4 6 2 3 5 8 9 7 1
7 8 5 9 1 4 6 2 3
5 3 8 2 9 6 7 1 4
0 7 4 1 3 5 0 0 0
0 1 9 4 8 7 3 5 0
8 2 6 7 4 1 5 3 9
9 4 0 5 2 3 0 0 7
0 0 0 8 0 9 0 0 0
------------------
Step 29 - 1 @ R8C3
------------------
0 9 0 6 7 2 0 0 0
4 6 2 3 5 8 9 7 1
7 8 5 9 1 4 6 2 3
5 3 8 2 9 6 7 1 4
0 7 4 1 3 5 0 0 0
0 1 9 4 8 7 3 5 0
8 2 6 7 4 1 5 3 9
9 4 1 5 2 3 0 0 7
0 0 0 8 0 9 0 0 0
------------------
Step 30 - 3 @ R1C3
------------------
0 9 3 6 7 2 0 0 0
4 6 2 3 5 8 9 7 1
7 8 5 9 1 4 6 2 3
5 3 8 2 9 6 7 1 4
0 7 4 1 3 5 0 0 0
0 1 9 4 8 7 3 5 0
8 2 6 7 4 1 5 3 9
9 4 1 5 2 3 0 0 7
0 0 0 8 0 9 0 0 0
------------------
Step 31 - 1 @ R1C1
------------------
1 9 3 6 7 2 0 0 0
4 6 2 3 5 8 9 7 1
7 8 5 9 1 4 6 2 3
5 3 8 2 9 6 7 1 4
0 7 4 1 3 5 0 0 0
0 1 9 4 8 7 3 5 0
8 2 6 7 4 1 5 3 9
9 4 1 5 2 3 0 0 7
0 0 0 8 0 9 0 0 0
------------------
Step 32 - 8 @ R8C7
------------------
1 9 3 6 7 2 0 0 0
4 6 2 3 5 8 9 7 1
7 8 5 9 1 4 6 2 3
5 3 8 2 9 6 7 1 4
0 7 4 1 3 5 0 0 0
0 1 9 4 8 7 3 5 0
8 2 6 7 4 1 5 3 9
9 4 1 5 2 3 8 0 7
0 0 0 8 0 9 0 0 0
------------------
Step 33 - 4 @ R1C7
------------------
1 9 3 6 7 2 4 0 0
4 6 2 3 5 8 9 7 1
7 8 5 9 1 4 6 2 3
5 3 8 2 9 6 7 1 4
0 7 4 1 3 5 0 0 0
0 1 9 4 8 7 3 5 0
8 2 6 7 4 1 5 3 9
9 4 1 5 2 3 8 0 7
0 0 0 8 0 9 0 0 0
------------------
Step 34 - 8 @ R1C8
------------------
1 9 3 6 7 2 4 8 0
4 6 2 3 5 8 9 7 1
7 8 5 9 1 4 6 2 3
5 3 8 2 9 6 7 1 4
0 7 4 1 3 5 0 0 0
0 1 9 4 8 7 3 5 0
8 2 6 7 4 1 5 3 9
9 4 1 5 2 3 8 0 7
0 0 0 8 0 9 0 0 0
------------------
Step 35 - 5 @ R1C9
------------------
1 9 3 6 7 2 4 8 5
4 6 2 3 5 8 9 7 1
7 8 5 9 1 4 6 2 3
5 3 8 2 9 6 7 1 4
0 7 4 1 3 5 0 0 0
0 1 9 4 8 7 3 5 0
8 2 6 7 4 1 5 3 9
9 4 1 5 2 3 8 0 7
0 0 0 8 0 9 0 0 0
------------------
Step 36 - 2 @ R5C7
------------------
1 9 3 6 7 2 4 8 5
4 6 2 3 5 8 9 7 1
7 8 5 9 1 4 6 2 3
5 3 8 2 9 6 7 1 4
0 7 4 1 3 5 2 0 0
0 1 9 4 8 7 3 5 0
8 2 6 7 4 1 5 3 9
9 4 1 5 2 3 8 0 7
0 0 0 8 0 9 0 0 0
------------------
Step 37 - 6 @ R5C1
------------------
1 9 3 6 7 2 4 8 5
4 6 2 3 5 8 9 7 1
7 8 5 9 1 4 6 2 3
5 3 8 2 9 6 7 1 4
6 7 4 1 3 5 2 0 0
0 1 9 4 8 7 3 5 0
8 2 6 7 4 1 5 3 9
9 4 1 5 2 3 8 0 7
0 0 0 8 0 9 0 0 0
------------------
Step 38 - 9 @ R5C8
------------------
1 9 3 6 7 2 4 8 5
4 6 2 3 5 8 9 7 1
7 8 5 9 1 4 6 2 3
5 3 8 2 9 6 7 1 4
6 7 4 1 3 5 2 9 0
0 1 9 4 8 7 3 5 0
8 2 6 7 4 1 5 3 9
9 4 1 5 2 3 8 0 7
0 0 0 8 0 9 0 0 0
------------------
Step 39 - 8 @ R5C9
------------------
1 9 3 6 7 2 4 8 5
4 6 2 3 5 8 9 7 1
7 8 5 9 1 4 6 2 3
5 3 8 2 9 6 7 1 4
6 7 4 1 3 5 2 9 8
0 1 9 4 8 7 3 5 0
8 2 6 7 4 1 5 3 9
9 4 1 5 2 3 8 0 7
0 0 0 8 0 9 0 0 0
------------------
Step 40 - 2 @ R6C1
------------------
1 9 3 6 7 2 4 8 5
4 6 2 3 5 8 9 7 1
7 8 5 9 1 4 6 2 3
5 3 8 2 9 6 7 1 4
6 7 4 1 3 5 2 9 8
2 1 9 4 8 7 3 5 0
8 2 6 7 4 1 5 3 9
9 4 1 5 2 3 8 0 7
0 0 0 8 0 9 0 0 0
------------------
Step 41 - 6 @ R6C9
------------------
1 9 3 6 7 2 4 8 5
4 6 2 3 5 8 9 7 1
7 8 5 9 1 4 6 2 3
5 3 8 2 9 6 7 1 4
6 7 4 1 3 5 2 9 8
2 1 9 4 8 7 3 5 6
8 2 6 7 4 1 5 3 9
9 4 1 5 2 3 8 0 7
0 0 0 8 0 9 0 0 0
------------------
Step 42 - 6 @ R8C8
------------------
1 9 3 6 7 2 4 8 5
4 6 2 3 5 8 9 7 1
7 8 5 9 1 4 6 2 3
5 3 8 2 9 6 7 1 4
6 7 4 1 3 5 2 9 8
2 1 9 4 8 7 3 5 6
8 2 6 7 4 1 5 3 9
9 4 1 5 2 3 8 6 7
0 0 0 8 0 9 0 0 0
------------------
Step 43 - 3 @ R9C1
------------------
1 9 3 6 7 2 4 8 5
4 6 2 3 5 8 9 7 1
7 8 5 9 1 4 6 2 3
5 3 8 2 9 6 7 1 4
6 7 4 1 3 5 2 9 8
2 1 9 4 8 7 3 5 6
8 2 6 7 4 1 5 3 9
9 4 1 5 2 3 8 6 7
3 0 0 8 0 9 0 0 0
------------------
Step 44 - 5 @ R9C2
------------------
1 9 3 6 7 2 4 8 5
4 6 2 3 5 8 9 7 1
7 8 5 9 1 4 6 2 3
5 3 8 2 9 6 7 1 4
6 7 4 1 3 5 2 9 8
2 1 9 4 8 7 3 5 6
8 2 6 7 4 1 5 3 9
9 4 1 5 2 3 8 6 7
3 5 0 8 0 9 0 0 0
------------------
Step 45 - 7 @ R9C3
------------------
1 9 3 6 7 2 4 8 5
4 6 2 3 5 8 9 7 1
7 8 5 9 1 4 6 2 3
5 3 8 2 9 6 7 1 4
6 7 4 1 3 5 2 9 8
2 1 9 4 8 7 3 5 6
8 2 6 7 4 1 5 3 9
9 4 1 5 2 3 8 6 7
3 5 7 8 0 9 0 0 0
------------------
Step 46 - 6 @ R9C5
------------------
1 9 3 6 7 2 4 8 5
4 6 2 3 5 8 9 7 1
7 8 5 9 1 4 6 2 3
5 3 8 2 9 6 7 1 4
6 7 4 1 3 5 2 9 8
2 1 9 4 8 7 3 5 6
8 2 6 7 4 1 5 3 9
9 4 1 5 2 3 8 6 7
3 5 7 8 6 9 0 0 0
------------------
Step 47 - 1 @ R9C7
------------------
1 9 3 6 7 2 4 8 5
4 6 2 3 5 8 9 7 1
7 8 5 9 1 4 6 2 3
5 3 8 2 9 6 7 1 4
6 7 4 1 3 5 2 9 8
2 1 9 4 8 7 3 5 6
8 2 6 7 4 1 5 3 9
9 4 1 5 2 3 8 6 7
3 5 7 8 6 9 1 0 0
------------------
Step 48 - 4 @ R9C8
------------------
1 9 3 6 7 2 4 8 5
4 6 2 3 5 8 9 7 1
7 8 5 9 1 4 6 2 3
5 3 8 2 9 6 7 1 4
6 7 4 1 3 5 2 9 8
2 1 9 4 8 7 3 5 6
8 2 6 7 4 1 5 3 9
9 4 1 5 2 3 8 6 7
3 5 7 8 6 9 1 4 0
------------------
Step 49 - 2 @ R9C9
------------------
1 9 3 6 7 2 4 8 5
4 6 2 3 5 8 9 7 1
7 8 5 9 1 4 6 2 3
5 3 8 2 9 6 7 1 4
6 7 4 1 3 5 2 9 8
2 1 9 4 8 7 3 5 6
8 2 6 7 4 1 5 3 9
9 4 1 5 2 3 8 6 7
3 5 7 8 6 9 1 4 2
------------------