------------------
Step 1 - 2 @ R1C5
------------------
7 0 3 1 2 8 4 5 9
9 0 0 0 6 0 8 0 0
0 0 0 0 0 0 0 0 0
0 1 0 2 9 0 3 6 7
0 7 5 0 0 3 0 0 8
0 0 0 7 0 1 0 0 0
0 0 2 0 7 0 0 1 5
0 8 6 3 5 0 0 2 0
0 0 0 0 1 0 0 0 0
------------------
Step 2 - 6 @ R1C2
------------------
7 6 3 1 2 8 4 5 9
9 0 0 0 6 0 8 0 0
0 0 0 0 0 0 0 0 0
0 1 0 2 9 0 3 6 7
0 7 5 0 0 3 0 0 8
0 0 0 7 0 1 0 0 0
0 0 2 0 7 0 0 1 5
0 8 6 3 5 0 0 2 0
0 0 0 0 1 0 0 0 0
------------------
Step 3 - 4 @ R5C5
------------------
7 6 3 1 2 8 4 5 9
9 0 0 0 6 0 8 0 0
0 0 0 0 0 0 0 0 0
0 1 0 2 9 0 3 6 7
0 7 5 0 4 3 0 0 8
0 0 0 7 0 1 0 0 0
0 0 2 0 7 0 0 1 5
0 8 6 3 5 0 0 2 0
0 0 0 0 1 0 0 0 0
------------------
Step 4 - 3 @ R3C5
------------------
7 6 3 1 2 8 4 5 9
9 0 0 0 6 0 8 0 0
0 0 0 0 3 0 0 0 0
0 1 0 2 9 0 3 6 7
0 7 5 0 4 3 0 0 8
0 0 0 7 0 1 0 0 0
0 0 2 0 7 0 0 1 5
0 8 6 3 5 0 0 2 0
0 0 0 0 1 0 0 0 0
------------------
Step 5 - 7 @ R3C8
------------------
7 6 3 1 2 8 4 5 9
9 0 0 0 6 0 8 0 0
0 0 0 0 3 0 0 7 0
0 1 0 2 9 0 3 6 7
0 7 5 0 4 3 0 0 8
0 0 0 7 0 1 0 0 0
0 0 2 0 7 0 0 1 5
0 8 6 3 5 0 0 2 0
0 0 0 0 1 0 0 0 0
------------------
Step 6 - 3 @ R2C8
------------------
7 6 3 1 2 8 4 5 9
9 0 0 0 6 0 8 3 0
0 0 0 0 3 0 0 7 0
0 1 0 2 9 0 3 6 7
0 7 5 0 4 3 0 0 8
0 0 0 7 0 1 0 0 0
0 0 2 0 7 0 0 1 5
0 8 6 3 5 0 0 2 0
0 0 0 0 1 0 0 0 0
------------------
Step 7 - 5 @ R4C6
------------------
7 6 3 1 2 8 4 5 9
9 0 0 0 6 0 8 3 0
0 0 0 0 3 0 0 7 0
0 1 0 2 9 5 3 6 7
0 7 5 0 4 3 0 0 8
0 0 0 7 0 1 0 0 0
0 0 2 0 7 0 0 1 5
0 8 6 3 5 0 0 2 0
0 0 0 0 1 0 0 0 0
------------------
Step 8 - 6 @ R5C4
------------------
7 6 3 1 2 8 4 5 9
9 0 0 0 6 0 8 3 0
0 0 0 0 3 0 0 7 0
0 1 0 2 9 5 3 6 7
0 7 5 6 4 3 0 0 8
0 0 0 7 0 1 0 0 0
0 0 2 0 7 0 0 1 5
0 8 6 3 5 0 0 2 0
0 0 0 0 1 0 0 0 0
------------------
Step 9 - 2 @ R5C1
------------------
7 6 3 1 2 8 4 5 9
9 0 0 0 6 0 8 3 0
0 0 0 0 3 0 0 7 0
0 1 0 2 9 5 3 6 7
2 7 5 6 4 3 0 0 8
0 0 0 7 0 1 0 0 0
0 0 2 0 7 0 0 1 5
0 8 6 3 5 0 0 2 0
0 0 0 0 1 0 0 0 0
------------------
Step 10 - 9 @ R5C8
------------------
7 6 3 1 2 8 4 5 9
9 0 0 0 6 0 8 3 0
0 0 0 0 3 0 0 7 0
0 1 0 2 9 5 3 6 7
2 7 5 6 4 3 0 9 8
0 0 0 7 0 1 0 0 0
0 0 2 0 7 0 0 1 5
0 8 6 3 5 0 0 2 0
0 0 0 0 1 0 0 0 0
------------------
Step 11 - 1 @ R5C7
------------------
7 6 3 1 2 8 4 5 9
9 0 0 0 6 0 8 3 0
0 0 0 0 3 0 0 7 0
0 1 0 2 9 5 3 6 7
2 7 5 6 4 3 1 9 8
0 0 0 7 0 1 0 0 0
0 0 2 0 7 0 0 1 5
0 8 6 3 5 0 0 2 0
0 0 0 0 1 0 0 0 0
------------------
Step 12 - 8 @ R6C5
------------------
7 6 3 1 2 8 4 5 9
9 0 0 0 6 0 8 3 0
0 0 0 0 3 0 0 7 0
0 1 0 2 9 5 3 6 7
2 7 5 6 4 3 1 9 8
0 0 0 7 8 1 0 0 0
0 0 2 0 7 0 0 1 5
0 8 6 3 5 0 0 2 0
0 0 0 0 1 0 0 0 0
------------------
Step 13 - 4 @ R6C8
------------------
7 6 3 1 2 8 4 5 9
9 0 0 0 6 0 8 3 0
0 0 0 0 3 0 0 7 0
0 1 0 2 9 5 3 6 7
2 7 5 6 4 3 1 9 8
0 0 0 7 8 1 0 4 0
0 0 2 0 7 0 0 1 5
0 8 6 3 5 0 0 2 0
0 0 0 0 1 0 0 0 0
------------------
Step 14 - 9 @ R6C3
------------------
7 6 3 1 2 8 4 5 9
9 0 0 0 6 0 8 3 0
0 0 0 0 3 0 0 7 0
0 1 0 2 9 5 3 6 7
2 7 5 6 4 3 1 9 8
0 0 9 7 8 1 0 4 0
0 0 2 0 7 0 0 1 5
0 8 6 3 5 0 0 2 0
0 0 0 0 1 0 0 0 0
------------------
Step 15 - 3 @ R6C2
------------------
7 6 3 1 2 8 4 5 9
9 0 0 0 6 0 8 3 0
0 0 0 0 3 0 0 7 0
0 1 0 2 9 5 3 6 7
2 7 5 6 4 3 1 9 8
0 3 9 7 8 1 0 4 0
0 0 2 0 7 0 0 1 5
0 8 6 3 5 0 0 2 0
0 0 0 0 1 0 0 0 0
------------------
Step 16 - 6 @ R6C1
------------------
7 6 3 1 2 8 4 5 9
9 0 0 0 6 0 8 3 0
0 0 0 0 3 0 0 7 0
0 1 0 2 9 5 3 6 7
2 7 5 6 4 3 1 9 8
6 3 9 7 8 1 0 4 0
0 0 2 0 7 0 0 1 5
0 8 6 3 5 0 0 2 0
0 0 0 0 1 0 0 0 0
------------------
Step 17 - 2 @ R6C9
------------------
7 6 3 1 2 8 4 5 9
9 0 0 0 6 0 8 3 0
0 0 0 0 3 0 0 7 0
0 1 0 2 9 5 3 6 7
2 7 5 6 4 3 1 9 8
6 3 9 7 8 1 0 4 2
0 0 2 0 7 0 0 1 5
0 8 6 3 5 0 0 2 0
0 0 0 0 1 0 0 0 0
------------------
Step 18 - 1 @ R2C9
------------------
7 6 3 1 2 8 4 5 9
9 0 0 0 6 0 8 3 1
0 0 0 0 3 0 0 7 0
0 1 0 2 9 5 3 6 7
2 7 5 6 4 3 1 9 8
6 3 9 7 8 1 0 4 2
0 0 2 0 7 0 0 1 5
0 8 6 3 5 0 0 2 0
0 0 0 0 1 0 0 0 0
------------------
Step 19 - 4 @ R2C3
------------------
7 6 3 1 2 8 4 5 9
9 0 4 0 6 0 8 3 1
0 0 0 0 3 0 0 7 0
0 1 0 2 9 5 3 6 7
2 7 5 6 4 3 1 9 8
6 3 9 7 8 1 0 4 2
0 0 2 0 7 0 0 1 5
0 8 6 3 5 0 0 2 0
0 0 0 0 1 0 0 0 0
------------------
Step 20 - 5 @ R2C4
------------------
7 6 3 1 2 8 4 5 9
9 0 4 5 6 0 8 3 1
0 0 0 0 3 0 0 7 0
0 1 0 2 9 5 3 6 7
2 7 5 6 4 3 1 9 8
6 3 9 7 8 1 0 4 2
0 0 2 0 7 0 0 1 5
0 8 6 3 5 0 0 2 0
0 0 0 0 1 0 0 0 0
------------------
Step 21 - 2 @ R2C2
------------------
7 6 3 1 2 8 4 5 9
9 2 4 5 6 0 8 3 1
0 0 0 0 3 0 0 7 0
0 1 0 2 9 5 3 6 7
2 7 5 6 4 3 1 9 8
6 3 9 7 8 1 0 4 2
0 0 2 0 7 0 0 1 5
0 8 6 3 5 0 0 2 0
0 0 0 0 1 0 0 0 0
------------------
Step 22 - 7 @ R2C6
------------------
7 6 3 1 2 8 4 5 9
9 2 4 5 6 7 8 3 1
0 0 0 0 3 0 0 7 0
0 1 0 2 9 5 3 6 7
2 7 5 6 4 3 1 9 8
6 3 9 7 8 1 0 4 2
0 0 2 0 7 0 0 1 5
0 8 6 3 5 0 0 2 0
0 0 0 0 1 0 0 0 0
------------------
Step 23 - 5 @ R3C2
------------------
7 6 3 1 2 8 4 5 9
9 2 4 5 6 7 8 3 1
0 5 0 0 3 0 0 7 0
0 1 0 2 9 5 3 6 7
2 7 5 6 4 3 1 9 8
6 3 9 7 8 1 0 4 2
0 0 2 0 7 0 0 1 5
0 8 6 3 5 0 0 2 0
0 0 0 0 1 0 0 0 0
------------------
Step 24 - 6 @ R3C9
------------------
7 6 3 1 2 8 4 5 9
9 2 4 5 6 7 8 3 1
0 5 0 0 3 0 0 7 6
0 1 0 2 9 5 3 6 7
2 7 5 6 4 3 1 9 8
6 3 9 7 8 1 0 4 2
0 0 2 0 7 0 0 1 5
0 8 6 3 5 0 0 2 0
0 0 0 0 1 0 0 0 0
------------------
Step 25 - 2 @ R3C7
------------------
7 6 3 1 2 8 4 5 9
9 2 4 5 6 7 8 3 1
0 5 0 0 3 0 2 7 6
0 1 0 2 9 5 3 6 7
2 7 5 6 4 3 1 9 8
6 3 9 7 8 1 0 4 2
0 0 2 0 7 0 0 1 5
0 8 6 3 5 0 0 2 0
0 0 0 0 1 0 0 0 0
------------------
Step 26 - 8 @ R4C3
------------------
7 6 3 1 2 8 4 5 9
9 2 4 5 6 7 8 3 1
0 5 0 0 3 0 2 7 6
0 1 8 2 9 5 3 6 7
2 7 5 6 4 3 1 9 8
6 3 9 7 8 1 0 4 2
0 0 2 0 7 0 0 1 5
0 8 6 3 5 0 0 2 0
0 0 0 0 1 0 0 0 0
------------------
Step 27 - 1 @ R3C3
------------------
7 6 3 1 2 8 4 5 9
9 2 4 5 6 7 8 3 1
0 5 1 0 3 0 2 7 6
0 1 8 2 9 5 3 6 7
2 7 5 6 4 3 1 9 8
6 3 9 7 8 1 0 4 2
0 0 2 0 7 0 0 1 5
0 8 6 3 5 0 0 2 0
0 0 0 0 1 0 0 0 0
------------------
Step 28 - 8 @ R3C1
------------------
7 6 3 1 2 8 4 5 9
9 2 4 5 6 7 8 3 1
8 5 1 0 3 0 2 7 6
0 1 8 2 9 5 3 6 7
2 7 5 6 4 3 1 9 8
6 3 9 7 8 1 0 4 2
0 0 2 0 7 0 0 1 5
0 8 6 3 5 0 0 2 0
0 0 0 0 1 0 0 0 0
------------------
Step 29 - 4 @ R4C1
------------------
7 6 3 1 2 8 4 5 9
9 2 4 5 6 7 8 3 1
8 5 1 0 3 0 2 7 6
4 1 8 2 9 5 3 6 7
2 7 5 6 4 3 1 9 8
6 3 9 7 8 1 0 4 2
0 0 2 0 7 0 0 1 5
0 8 6 3 5 0 0 2 0
0 0 0 0 1 0 0 0 0
------------------
Step 30 - 5 @ R6C7
------------------
7 6 3 1 2 8 4 5 9
9 2 4 5 6 7 8 3 1
8 5 1 0 3 0 2 7 6
4 1 8 2 9 5 3 6 7
2 7 5 6 4 3 1 9 8
6 3 9 7 8 1 5 4 2
0 0 2 0 7 0 0 1 5
0 8 6 3 5 0 0 2 0
0 0 0 0 1 0 0 0 0
------------------
Step 31 - 3 @ R7C1
------------------
7 6 3 1 2 8 4 5 9
9 2 4 5 6 7 8 3 1
8 5 1 0 3 0 2 7 6
4 1 8 2 9 5 3 6 7
2 7 5 6 4 3 1 9 8
6 3 9 7 8 1 5 4 2
3 0 2 0 7 0 0 1 5
0 8 6 3 5 0 0 2 0
0 0 0 0 1 0 0 0 0
------------------
Step 32 - 1 @ R8C1
------------------
7 6 3 1 2 8 4 5 9
9 2 4 5 6 7 8 3 1
8 5 1 0 3 0 2 7 6
4 1 8 2 9 5 3 6 7
2 7 5 6 4 3 1 9 8
6 3 9 7 8 1 5 4 2
3 0 2 0 7 0 0 1 5
1 8 6 3 5 0 0 2 0
0 0 0 0 1 0 0 0 0
------------------
Step 33 - 4 @ R8C9
------------------
7 6 3 1 2 8 4 5 9
9 2 4 5 6 7 8 3 1
8 5 1 0 3 0 2 7 6
4 1 8 2 9 5 3 6 7
2 7 5 6 4 3 1 9 8
6 3 9 7 8 1 5 4 2
3 0 2 0 7 0 0 1 5
1 8 6 3 5 0 0 2 4
0 0 0 0 1 0 0 0 0
------------------
Step 34 - 9 @ R8C6
------------------
7 6 3 1 2 8 4 5 9
9 2 4 5 6 7 8 3 1
8 5 1 0 3 0 2 7 6
4 1 8 2 9 5 3 6 7
2 7 5 6 4 3 1 9 8
6 3 9 7 8 1 5 4 2
3 0 2 0 7 0 0 1 5
1 8 6 3 5 9 0 2 4
0 0 0 0 1 0 0 0 0
------------------
Step 35 - 4 @ R3C6
------------------
7 6 3 1 2 8 4 5 9
9 2 4 5 6 7 8 3 1
8 5 1 0 3 4 2 7 6
4 1 8 2 9 5 3 6 7
2 7 5 6 4 3 1 9 8
6 3 9 7 8 1 5 4 2
3 0 2 0 7 0 0 1 5
1 8 6 3 5 9 0 2 4
0 0 0 0 1 0 0 0 0
------------------
Step 36 - 9 @ R3C4
------------------
7 6 3 1 2 8 4 5 9
9 2 4 5 6 7 8 3 1
8 5 1 9 3 4 2 7 6
4 1 8 2 9 5 3 6 7
2 7 5 6 4 3 1 9 8
6 3 9 7 8 1 5 4 2
3 0 2 0 7 0 0 1 5
1 8 6 3 5 9 0 2 4
0 0 0 0 1 0 0 0 0
------------------
Step 37 - 6 @ R7C6
------------------
7 6 3 1 2 8 4 5 9
9 2 4 5 6 7 8 3 1
8 5 1 9 3 4 2 7 6
4 1 8 2 9 5 3 6 7
2 7 5 6 4 3 1 9 8
6 3 9 7 8 1 5 4 2
3 0 2 0 7 6 0 1 5
1 8 6 3 5 9 0 2 4
0 0 0 0 1 0 0 0 0
------------------
Step 38 - 9 @ R7C7
------------------
7 6 3 1 2 8 4 5 9
9 2 4 5 6 7 8 3 1
8 5 1 9 3 4 2 7 6
4 1 8 2 9 5 3 6 7
2 7 5 6 4 3 1 9 8
6 3 9 7 8 1 5 4 2
3 0 2 0 7 6 9 1 5
1 8 6 3 5 9 0 2 4
0 0 0 0 1 0 0 0 0
------------------
Step 39 - 4 @ R7C2
------------------
7 6 3 1 2 8 4 5 9
9 2 4 5 6 7 8 3 1
8 5 1 9 3 4 2 7 6
4 1 8 2 9 5 3 6 7
2 7 5 6 4 3 1 9 8
6 3 9 7 8 1 5 4 2
3 4 2 0 7 6 9 1 5
1 8 6 3 5 9 0 2 4
0 0 0 0 1 0 0 0 0
------------------
Step 40 - 8 @ R7C4
------------------
7 6 3 1 2 8 4 5 9
9 2 4 5 6 7 8 3 1
8 5 1 9 3 4 2 7 6
4 1 8 2 9 5 3 6 7
2 7 5 6 4 3 1 9 8
6 3 9 7 8 1 5 4 2
3 4 2 8 7 6 9 1 5
1 8 6 3 5 9 0 2 4
0 0 0 0 1 0 0 0 0
------------------
Step 41 - 7 @ R8C7
------------------
7 6 3 1 2 8 4 5 9
9 2 4 5 6 7 8 3 1
8 5 1 9 3 4 2 7 6
4 1 8 2 9 5 3 6 7
2 7 5 6 4 3 1 9 8
6 3 9 7 8 1 5 4 2
3 4 2 8 7 6 9 1 5
1 8 6 3 5 9 7 2 4
0 0 0 0 1 0 0 0 0
------------------
Step 42 - 5 @ R9C1
------------------
7 6 3 1 2 8 4 5 9
9 2 4 5 6 7 8 3 1
8 5 1 9 3 4 2 7 6
4 1 8 2 9 5 3 6 7
2 7 5 6 4 3 1 9 8
6 3 9 7 8 1 5 4 2
3 4 2 8 7 6 9 1 5
1 8 6 3 5 9 7 2 4
5 0 0 0 1 0 0 0 0
------------------
Step 43 - 9 @ R9C2
------------------
7 6 3 1 2 8 4 5 9
9 2 4 5 6 7 8 3 1
8 5 1 9 3 4 2 7 6
4 1 8 2 9 5 3 6 7
2 7 5 6 4 3 1 9 8
6 3 9 7 8 1 5 4 2
3 4 2 8 7 6 9 1 5
1 8 6 3 5 9 7 2 4
5 9 0 0 1 0 0 0 0
------------------
Step 44 - 7 @ R9C3
------------------
7 6 3 1 2 8 4 5 9
9 2 4 5 6 7 8 3 1
8 5 1 9 3 4 2 7 6
4 1 8 2 9 5 3 6 7
2 7 5 6 4 3 1 9 8
6 3 9 7 8 1 5 4 2
3 4 2 8 7 6 9 1 5
1 8 6 3 5 9 7 2 4
5 9 7 0 1 0 0 0 0
------------------
Step 45 - 4 @ R9C4
------------------
7 6 3 1 2 8 4 5 9
9 2 4 5 6 7 8 3 1
8 5 1 9 3 4 2 7 6
4 1 8 2 9 5 3 6 7
2 7 5 6 4 3 1 9 8
6 3 9 7 8 1 5 4 2
3 4 2 8 7 6 9 1 5
1 8 6 3 5 9 7 2 4
5 9 7 4 1 0 0 0 0
------------------
Step 46 - 2 @ R9C6
------------------
7 6 3 1 2 8 4 5 9
9 2 4 5 6 7 8 3 1
8 5 1 9 3 4 2 7 6
4 1 8 2 9 5 3 6 7
2 7 5 6 4 3 1 9 8
6 3 9 7 8 1 5 4 2
3 4 2 8 7 6 9 1 5
1 8 6 3 5 9 7 2 4
5 9 7 4 1 2 0 0 0
------------------
Step 47 - 6 @ R9C7
------------------
7 6 3 1 2 8 4 5 9
9 2 4 5 6 7 8 3 1
8 5 1 9 3 4 2 7 6
4 1 8 2 9 5 3 6 7
2 7 5 6 4 3 1 9 8
6 3 9 7 8 1 5 4 2
3 4 2 8 7 6 9 1 5
1 8 6 3 5 9 7 2 4
5 9 7 4 1 2 6 0 0
------------------
Step 48 - 8 @ R9C8
------------------
7 6 3 1 2 8 4 5 9
9 2 4 5 6 7 8 3 1
8 5 1 9 3 4 2 7 6
4 1 8 2 9 5 3 6 7
2 7 5 6 4 3 1 9 8
6 3 9 7 8 1 5 4 2
3 4 2 8 7 6 9 1 5
1 8 6 3 5 9 7 2 4
5 9 7 4 1 2 6 8 0
------------------
Step 49 - 3 @ R9C9
------------------
7 6 3 1 2 8 4 5 9
9 2 4 5 6 7 8 3 1
8 5 1 9 3 4 2 7 6
4 1 8 2 9 5 3 6 7
2 7 5 6 4 3 1 9 8
6 3 9 7 8 1 5 4 2
3 4 2 8 7 6 9 1 5
1 8 6 3 5 9 7 2 4
5 9 7 4 1 2 6 8 3
------------------