------------------
Step 1 - 7 @ R1C2
------------------
0 7 0 0 5 9 0 2 0
0 9 0 7 4 0 0 0 0
4 0 6 0 0 1 9 0 8
0 1 7 0 2 0 5 0 0
8 0 0 0 0 5 7 0 2
0 0 0 0 0 3 0 4 1
5 8 0 6 0 0 0 0 0
9 3 4 0 0 0 2 8 0
0 6 1 0 0 2 0 0 0
------------------
Step 2 - 3 @ R3C5
------------------
0 7 0 0 5 9 0 2 0
0 9 0 7 4 0 0 0 0
4 0 6 0 3 1 9 0 8
0 1 7 0 2 0 5 0 0
8 0 0 0 0 5 7 0 2
0 0 0 0 0 3 0 4 1
5 8 0 6 0 0 0 0 0
9 3 4 0 0 0 2 8 0
0 6 1 0 0 2 0 0 0
------------------
Step 3 - 8 @ R1C4
------------------
0 7 0 8 5 9 0 2 0
0 9 0 7 4 0 0 0 0
4 0 6 0 3 1 9 0 8
0 1 7 0 2 0 5 0 0
8 0 0 0 0 5 7 0 2
0 0 0 0 0 3 0 4 1
5 8 0 6 0 0 0 0 0
9 3 4 0 0 0 2 8 0
0 6 1 0 0 2 0 0 0
------------------
Step 4 - 3 @ R1C3
------------------
0 7 3 8 5 9 0 2 0
0 9 0 7 4 0 0 0 0
4 0 6 0 3 1 9 0 8
0 1 7 0 2 0 5 0 0
8 0 0 0 0 5 7 0 2
0 0 0 0 0 3 0 4 1
5 8 0 6 0 0 0 0 0
9 3 4 0 0 0 2 8 0
0 6 1 0 0 2 0 0 0
------------------
Step 5 - 1 @ R1C1
------------------
1 7 3 8 5 9 0 2 0
0 9 0 7 4 0 0 0 0
4 0 6 0 3 1 9 0 8
0 1 7 0 2 0 5 0 0
8 0 0 0 0 5 7 0 2
0 0 0 0 0 3 0 4 1
5 8 0 6 0 0 0 0 0
9 3 4 0 0 0 2 8 0
0 6 1 0 0 2 0 0 0
------------------
Step 6 - 2 @ R2C1
------------------
1 7 3 8 5 9 0 2 0
2 9 0 7 4 0 0 0 0
4 0 6 0 3 1 9 0 8
0 1 7 0 2 0 5 0 0
8 0 0 0 0 5 7 0 2
0 0 0 0 0 3 0 4 1
5 8 0 6 0 0 0 0 0
9 3 4 0 0 0 2 8 0
0 6 1 0 0 2 0 0 0
------------------
Step 7 - 6 @ R2C6
------------------
1 7 3 8 5 9 0 2 0
2 9 0 7 4 6 0 0 0
4 0 6 0 3 1 9 0 8
0 1 7 0 2 0 5 0 0
8 0 0 0 0 5 7 0 2
0 0 0 0 0 3 0 4 1
5 8 0 6 0 0 0 0 0
9 3 4 0 0 0 2 8 0
0 6 1 0 0 2 0 0 0
------------------
Step 8 - 5 @ R3C2
------------------
1 7 3 8 5 9 0 2 0
2 9 0 7 4 6 0 0 0
4 5 6 0 3 1 9 0 8
0 1 7 0 2 0 5 0 0
8 0 0 0 0 5 7 0 2
0 0 0 0 0 3 0 4 1
5 8 0 6 0 0 0 0 0
9 3 4 0 0 0 2 8 0
0 6 1 0 0 2 0 0 0
------------------
Step 9 - 8 @ R2C3
------------------
1 7 3 8 5 9 0 2 0
2 9 8 7 4 6 0 0 0
4 5 6 0 3 1 9 0 8
0 1 7 0 2 0 5 0 0
8 0 0 0 0 5 7 0 2
0 0 0 0 0 3 0 4 1
5 8 0 6 0 0 0 0 0
9 3 4 0 0 0 2 8 0
0 6 1 0 0 2 0 0 0
------------------
Step 10 - 2 @ R3C4
------------------
1 7 3 8 5 9 0 2 0
2 9 8 7 4 6 0 0 0
4 5 6 2 3 1 9 0 8
0 1 7 0 2 0 5 0 0
8 0 0 0 0 5 7 0 2
0 0 0 0 0 3 0 4 1
5 8 0 6 0 0 0 0 0
9 3 4 0 0 0 2 8 0
0 6 1 0 0 2 0 0 0
------------------
Step 11 - 7 @ R3C8
------------------
1 7 3 8 5 9 0 2 0
2 9 8 7 4 6 0 0 0
4 5 6 2 3 1 9 7 8
0 1 7 0 2 0 5 0 0
8 0 0 0 0 5 7 0 2
0 0 0 0 0 3 0 4 1
5 8 0 6 0 0 0 0 0
9 3 4 0 0 0 2 8 0
0 6 1 0 0 2 0 0 0
------------------
Step 12 - 4 @ R5C2
------------------
1 7 3 8 5 9 0 2 0
2 9 8 7 4 6 0 0 0
4 5 6 2 3 1 9 7 8
0 1 7 0 2 0 5 0 0
8 4 0 0 0 5 7 0 2
0 0 0 0 0 3 0 4 1
5 8 0 6 0 0 0 0 0
9 3 4 0 0 0 2 8 0
0 6 1 0 0 2 0 0 0
------------------
Step 13 - 9 @ R5C3
------------------
1 7 3 8 5 9 0 2 0
2 9 8 7 4 6 0 0 0
4 5 6 2 3 1 9 7 8
0 1 7 0 2 0 5 0 0
8 4 9 0 0 5 7 0 2
0 0 0 0 0 3 0 4 1
5 8 0 6 0 0 0 0 0
9 3 4 0 0 0 2 8 0
0 6 1 0 0 2 0 0 0
------------------
Step 14 - 1 @ R5C4
------------------
1 7 3 8 5 9 0 2 0
2 9 8 7 4 6 0 0 0
4 5 6 2 3 1 9 7 8
0 1 7 0 2 0 5 0 0
8 4 9 1 0 5 7 0 2
0 0 0 0 0 3 0 4 1
5 8 0 6 0 0 0 0 0
9 3 4 0 0 0 2 8 0
0 6 1 0 0 2 0 0 0
------------------
Step 15 - 6 @ R5C5
------------------
1 7 3 8 5 9 0 2 0
2 9 8 7 4 6 0 0 0
4 5 6 2 3 1 9 7 8
0 1 7 0 2 0 5 0 0
8 4 9 1 6 5 7 0 2
0 0 0 0 0 3 0 4 1
5 8 0 6 0 0 0 0 0
9 3 4 0 0 0 2 8 0
0 6 1 0 0 2 0 0 0
------------------
Step 16 - 3 @ R5C8
------------------
1 7 3 8 5 9 0 2 0
2 9 8 7 4 6 0 0 0
4 5 6 2 3 1 9 7 8
0 1 7 0 2 0 5 0 0
8 4 9 1 6 5 7 3 2
0 0 0 0 0 3 0 4 1
5 8 0 6 0 0 0 0 0
9 3 4 0 0 0 2 8 0
0 6 1 0 0 2 0 0 0
------------------
Step 17 - 6 @ R6C1
------------------
1 7 3 8 5 9 0 2 0
2 9 8 7 4 6 0 0 0
4 5 6 2 3 1 9 7 8
0 1 7 0 2 0 5 0 0
8 4 9 1 6 5 7 3 2
6 0 0 0 0 3 0 4 1
5 8 0 6 0 0 0 0 0
9 3 4 0 0 0 2 8 0
0 6 1 0 0 2 0 0 0
------------------
Step 18 - 3 @ R4C1
------------------
1 7 3 8 5 9 0 2 0
2 9 8 7 4 6 0 0 0
4 5 6 2 3 1 9 7 8
3 1 7 0 2 0 5 0 0
8 4 9 1 6 5 7 3 2
6 0 0 0 0 3 0 4 1
5 8 0 6 0 0 0 0 0
9 3 4 0 0 0 2 8 0
0 6 1 0 0 2 0 0 0
------------------
Step 19 - 2 @ R6C2
------------------
1 7 3 8 5 9 0 2 0
2 9 8 7 4 6 0 0 0
4 5 6 2 3 1 9 7 8
3 1 7 0 2 0 5 0 0
8 4 9 1 6 5 7 3 2
6 2 0 0 0 3 0 4 1
5 8 0 6 0 0 0 0 0
9 3 4 0 0 0 2 8 0
0 6 1 0 0 2 0 0 0
------------------
Step 20 - 5 @ R6C3
------------------
1 7 3 8 5 9 0 2 0
2 9 8 7 4 6 0 0 0
4 5 6 2 3 1 9 7 8
3 1 7 0 2 0 5 0 0
8 4 9 1 6 5 7 3 2
6 2 5 0 0 3 0 4 1
5 8 0 6 0 0 0 0 0
9 3 4 0 0 0 2 8 0
0 6 1 0 0 2 0 0 0
------------------
Step 21 - 9 @ R6C4
------------------
1 7 3 8 5 9 0 2 0
2 9 8 7 4 6 0 0 0
4 5 6 2 3 1 9 7 8
3 1 7 0 2 0 5 0 0
8 4 9 1 6 5 7 3 2
6 2 5 9 0 3 0 4 1
5 8 0 6 0 0 0 0 0
9 3 4 0 0 0 2 8 0
0 6 1 0 0 2 0 0 0
------------------
Step 22 - 4 @ R4C4
------------------
1 7 3 8 5 9 0 2 0
2 9 8 7 4 6 0 0 0
4 5 6 2 3 1 9 7 8
3 1 7 4 2 0 5 0 0
8 4 9 1 6 5 7 3 2
6 2 5 9 0 3 0 4 1
5 8 0 6 0 0 0 0 0
9 3 4 0 0 0 2 8 0
0 6 1 0 0 2 0 0 0
------------------
Step 23 - 8 @ R4C6
------------------
1 7 3 8 5 9 0 2 0
2 9 8 7 4 6 0 0 0
4 5 6 2 3 1 9 7 8
3 1 7 4 2 8 5 0 0
8 4 9 1 6 5 7 3 2
6 2 5 9 0 3 0 4 1
5 8 0 6 0 0 0 0 0
9 3 4 0 0 0 2 8 0
0 6 1 0 0 2 0 0 0
------------------
Step 24 - 7 @ R6C5
------------------
1 7 3 8 5 9 0 2 0
2 9 8 7 4 6 0 0 0
4 5 6 2 3 1 9 7 8
3 1 7 4 2 8 5 0 0
8 4 9 1 6 5 7 3 2
6 2 5 9 7 3 0 4 1
5 8 0 6 0 0 0 0 0
9 3 4 0 0 0 2 8 0
0 6 1 0 0 2 0 0 0
------------------
Step 25 - 8 @ R6C7
------------------
1 7 3 8 5 9 0 2 0
2 9 8 7 4 6 0 0 0
4 5 6 2 3 1 9 7 8
3 1 7 4 2 8 5 0 0
8 4 9 1 6 5 7 3 2
6 2 5 9 7 3 8 4 1
5 8 0 6 0 0 0 0 0
9 3 4 0 0 0 2 8 0
0 6 1 0 0 2 0 0 0
------------------
Step 26 - 2 @ R7C3
------------------
1 7 3 8 5 9 0 2 0
2 9 8 7 4 6 0 0 0
4 5 6 2 3 1 9 7 8
3 1 7 4 2 8 5 0 0
8 4 9 1 6 5 7 3 2
6 2 5 9 7 3 8 4 1
5 8 2 6 0 0 0 0 0
9 3 4 0 0 0 2 8 0
0 6 1 0 0 2 0 0 0
------------------
Step 27 - 5 @ R8C4
------------------
1 7 3 8 5 9 0 2 0
2 9 8 7 4 6 0 0 0
4 5 6 2 3 1 9 7 8
3 1 7 4 2 8 5 0 0
8 4 9 1 6 5 7 3 2
6 2 5 9 7 3 8 4 1
5 8 2 6 0 0 0 0 0
9 3 4 5 0 0 2 8 0
0 6 1 0 0 2 0 0 0
------------------
Step 28 - 1 @ R8C5
------------------
1 7 3 8 5 9 0 2 0
2 9 8 7 4 6 0 0 0
4 5 6 2 3 1 9 7 8
3 1 7 4 2 8 5 0 0
8 4 9 1 6 5 7 3 2
6 2 5 9 7 3 8 4 1
5 8 2 6 0 0 0 0 0
9 3 4 5 1 0 2 8 0
0 6 1 0 0 2 0 0 0
------------------
Step 29 - 9 @ R7C5
------------------
1 7 3 8 5 9 0 2 0
2 9 8 7 4 6 0 0 0
4 5 6 2 3 1 9 7 8
3 1 7 4 2 8 5 0 0
8 4 9 1 6 5 7 3 2
6 2 5 9 7 3 8 4 1
5 8 2 6 9 0 0 0 0
9 3 4 5 1 0 2 8 0
0 6 1 0 0 2 0 0 0
------------------
Step 30 - 1 @ R7C8
------------------
1 7 3 8 5 9 0 2 0
2 9 8 7 4 6 0 0 0
4 5 6 2 3 1 9 7 8
3 1 7 4 2 8 5 0 0
8 4 9 1 6 5 7 3 2
6 2 5 9 7 3 8 4 1
5 8 2 6 9 0 0 1 0
9 3 4 5 1 0 2 8 0
0 6 1 0 0 2 0 0 0
------------------
Step 31 - 5 @ R2C8
------------------
1 7 3 8 5 9 0 2 0
2 9 8 7 4 6 0 5 0
4 5 6 2 3 1 9 7 8
3 1 7 4 2 8 5 0 0
8 4 9 1 6 5 7 3 2
6 2 5 9 7 3 8 4 1
5 8 2 6 9 0 0 1 0
9 3 4 5 1 0 2 8 0
0 6 1 0 0 2 0 0 0
------------------
Step 32 - 3 @ R2C9
------------------
1 7 3 8 5 9 0 2 0
2 9 8 7 4 6 0 5 3
4 5 6 2 3 1 9 7 8
3 1 7 4 2 8 5 0 0
8 4 9 1 6 5 7 3 2
6 2 5 9 7 3 8 4 1
5 8 2 6 9 0 0 1 0
9 3 4 5 1 0 2 8 0
0 6 1 0 0 2 0 0 0
------------------
Step 33 - 1 @ R2C7
------------------
1 7 3 8 5 9 0 2 0
2 9 8 7 4 6 1 5 3
4 5 6 2 3 1 9 7 8
3 1 7 4 2 8 5 0 0
8 4 9 1 6 5 7 3 2
6 2 5 9 7 3 8 4 1
5 8 2 6 9 0 0 1 0
9 3 4 5 1 0 2 8 0
0 6 1 0 0 2 0 0 0
------------------
Step 34 - 7 @ R8C6
------------------
1 7 3 8 5 9 0 2 0
2 9 8 7 4 6 1 5 3
4 5 6 2 3 1 9 7 8
3 1 7 4 2 8 5 0 0
8 4 9 1 6 5 7 3 2
6 2 5 9 7 3 8 4 1
5 8 2 6 9 0 0 1 0
9 3 4 5 1 7 2 8 0
0 6 1 0 0 2 0 0 0
------------------
Step 35 - 4 @ R7C6
------------------
1 7 3 8 5 9 0 2 0
2 9 8 7 4 6 1 5 3
4 5 6 2 3 1 9 7 8
3 1 7 4 2 8 5 0 0
8 4 9 1 6 5 7 3 2
6 2 5 9 7 3 8 4 1
5 8 2 6 9 4 0 1 0
9 3 4 5 1 7 2 8 0
0 6 1 0 0 2 0 0 0
------------------
Step 36 - 3 @ R7C7
------------------
1 7 3 8 5 9 0 2 0
2 9 8 7 4 6 1 5 3
4 5 6 2 3 1 9 7 8
3 1 7 4 2 8 5 0 0
8 4 9 1 6 5 7 3 2
6 2 5 9 7 3 8 4 1
5 8 2 6 9 4 3 1 0
9 3 4 5 1 7 2 8 0
0 6 1 0 0 2 0 0 0
------------------
Step 37 - 7 @ R7C9
------------------
1 7 3 8 5 9 0 2 0
2 9 8 7 4 6 1 5 3
4 5 6 2 3 1 9 7 8
3 1 7 4 2 8 5 0 0
8 4 9 1 6 5 7 3 2
6 2 5 9 7 3 8 4 1
5 8 2 6 9 4 3 1 7
9 3 4 5 1 7 2 8 0
0 6 1 0 0 2 0 0 0
------------------
Step 38 - 6 @ R8C9
------------------
1 7 3 8 5 9 0 2 0
2 9 8 7 4 6 1 5 3
4 5 6 2 3 1 9 7 8
3 1 7 4 2 8 5 0 0
8 4 9 1 6 5 7 3 2
6 2 5 9 7 3 8 4 1
5 8 2 6 9 4 3 1 7
9 3 4 5 1 7 2 8 6
0 6 1 0 0 2 0 0 0
------------------
Step 39 - 4 @ R1C9
------------------
1 7 3 8 5 9 0 2 4
2 9 8 7 4 6 1 5 3
4 5 6 2 3 1 9 7 8
3 1 7 4 2 8 5 0 0
8 4 9 1 6 5 7 3 2
6 2 5 9 7 3 8 4 1
5 8 2 6 9 4 3 1 7
9 3 4 5 1 7 2 8 6
0 6 1 0 0 2 0 0 0
------------------
Step 40 - 6 @ R1C7
------------------
1 7 3 8 5 9 6 2 4
2 9 8 7 4 6 1 5 3
4 5 6 2 3 1 9 7 8
3 1 7 4 2 8 5 0 0
8 4 9 1 6 5 7 3 2
6 2 5 9 7 3 8 4 1
5 8 2 6 9 4 3 1 7
9 3 4 5 1 7 2 8 6
0 6 1 0 0 2 0 0 0
------------------
Step 41 - 9 @ R4C9
------------------
1 7 3 8 5 9 6 2 4
2 9 8 7 4 6 1 5 3
4 5 6 2 3 1 9 7 8
3 1 7 4 2 8 5 0 9
8 4 9 1 6 5 7 3 2
6 2 5 9 7 3 8 4 1
5 8 2 6 9 4 3 1 7
9 3 4 5 1 7 2 8 6
0 6 1 0 0 2 0 0 0
------------------
Step 42 - 6 @ R4C8
------------------
1 7 3 8 5 9 6 2 4
2 9 8 7 4 6 1 5 3
4 5 6 2 3 1 9 7 8
3 1 7 4 2 8 5 6 9
8 4 9 1 6 5 7 3 2
6 2 5 9 7 3 8 4 1
5 8 2 6 9 4 3 1 7
9 3 4 5 1 7 2 8 6
0 6 1 0 0 2 0 0 0
------------------
Step 43 - 7 @ R9C1
------------------
1 7 3 8 5 9 6 2 4
2 9 8 7 4 6 1 5 3
4 5 6 2 3 1 9 7 8
3 1 7 4 2 8 5 6 9
8 4 9 1 6 5 7 3 2
6 2 5 9 7 3 8 4 1
5 8 2 6 9 4 3 1 7
9 3 4 5 1 7 2 8 6
7 6 1 0 0 2 0 0 0
------------------
Step 44 - 3 @ R9C4
------------------
1 7 3 8 5 9 6 2 4
2 9 8 7 4 6 1 5 3
4 5 6 2 3 1 9 7 8
3 1 7 4 2 8 5 6 9
8 4 9 1 6 5 7 3 2
6 2 5 9 7 3 8 4 1
5 8 2 6 9 4 3 1 7
9 3 4 5 1 7 2 8 6
7 6 1 3 0 2 0 0 0
------------------
Step 45 - 8 @ R9C5
------------------
1 7 3 8 5 9 6 2 4
2 9 8 7 4 6 1 5 3
4 5 6 2 3 1 9 7 8
3 1 7 4 2 8 5 6 9
8 4 9 1 6 5 7 3 2
6 2 5 9 7 3 8 4 1
5 8 2 6 9 4 3 1 7
9 3 4 5 1 7 2 8 6
7 6 1 3 8 2 0 0 0
------------------
Step 46 - 4 @ R9C7
------------------
1 7 3 8 5 9 6 2 4
2 9 8 7 4 6 1 5 3
4 5 6 2 3 1 9 7 8
3 1 7 4 2 8 5 6 9
8 4 9 1 6 5 7 3 2
6 2 5 9 7 3 8 4 1
5 8 2 6 9 4 3 1 7
9 3 4 5 1 7 2 8 6
7 6 1 3 8 2 4 0 0
------------------
Step 47 - 9 @ R9C8
------------------
1 7 3 8 5 9 6 2 4
2 9 8 7 4 6 1 5 3
4 5 6 2 3 1 9 7 8
3 1 7 4 2 8 5 6 9
8 4 9 1 6 5 7 3 2
6 2 5 9 7 3 8 4 1
5 8 2 6 9 4 3 1 7
9 3 4 5 1 7 2 8 6
7 6 1 3 8 2 4 9 0
------------------
Step 48 - 5 @ R9C9
------------------
1 7 3 8 5 9 6 2 4
2 9 8 7 4 6 1 5 3
4 5 6 2 3 1 9 7 8
3 1 7 4 2 8 5 6 9
8 4 9 1 6 5 7 3 2
6 2 5 9 7 3 8 4 1
5 8 2 6 9 4 3 1 7
9 3 4 5 1 7 2 8 6
7 6 1 3 8 2 4 9 5
------------------